target/myProject/json/ex.json
{"header": { "discipline": 0, "disciplineName": "Meteorological products", "gribEdition": 2, "gribLength": 89774, "center": 7, "centerName": "US National Weather Service - NCEP(WMC)", "subcenter": 0, "refTime": "2018-08-13T00:00:00.000Z", "significanceOfRT": 1, "significanceOfRTName": "Start of forecast", "productStatus": 0, "productStatusName": "Operational products", "productType": 1, "productTypeName": "Forecast products", "productDefinitionTemplate": 0, "productDefinitionTemplateName": "Analysis/forecast at horizontal level/layer at a point in time", "parameterCategory": 2, "parameterCategoryName": "Momentum", "parameterNumber": 2, "parameterNumberName": "U-component_of_wind", "parameterUnit": "m.s-1", "genProcessType": 2, "genProcessTypeName": "Forecast", "forecastTime": 0, "surface1Type": 6, "surface1TypeName": "Maximum wind level", "surface1Value": 0.0, "surface2Type": 255, "surface2TypeName": "Missing", "surface2Value": 0.0, "gridDefinitionTemplate": 0, "gridDefinitionTemplateName": "Latitude_Longitude", "numberPoints": 65160, "shape": 6, "shapeName": "Earth spherical with radius of 6,371,229.0 m", "gridUnits": "degrees", "resolution": 48, "winds": "true", "scanMode": 64, "nx": 360, "ny": 181, "basicAngle": 0, "lo1": 0.0, "la1": 90.0, "lo2": 359.0, "la2": -90.0, "dx": 1.0, "dy": 1.0 }, "data":
[rows 0 to 25 of 181, columns 228 to 284 of 360]
-12.500534,-12.400534,-12.200534,-12.100534,-12.000534,-11.800534,-11.700534,-11.500534,-11.400534,-11.200534,-11.100534,-10.900534,-10.800534,-10.600534,-10.400534,-10.300534,-10.100534,-9.900534,-9.700534,-9.500534,-9.400534,-9.200534,-9.000534,-8.800534,-8.600534,-8.400534,-8.200534,-8.000534,-7.8005342,-7.500534,-7.3005342,-7.100534,-6.900534,-6.700534,-6.500534,-6.200534,-6.000534,-5.8005342,-5.500534,-5.3005342,-5.100534,-4.8005342,-4.600534,-4.400534,-4.100534,-3.9005342,-3.700534,-3.4005342,-3.200534,-2.9005342,-2.700534,-2.4005342,-2.200534,-1.900534,-1.7005341,-1.400534,-1.2005341
-12.300534,-12.100534,-11.900534,-11.600534,-11.400534,-11.200534,-10.900534,-10.700534,-10.500534,-10.200534,-10.000534,-9.800534,-9.500534,-9.300534,-9.000534,-8.800534,-8.600534,-8.300534,-8.100534,-7.8005342,-7.600534,-7.3005342,-7.100534,-6.8005342,-6.600534,-6.3005342,-6.100534,-5.8005342,-5.600534,-5.3005342,-5.000534,-1.500534,-1.2005341,-1.000534,-0.6005341,-0.30053407,-5.340576E-4,1.099466,1.3994659,1.699466,1.8994659,2.199466,2.499466,2.799466,3.0994658,3.299466,3.5994658,3.899466,4.099466,4.399466,4.599466,4.799466,5.099466,5.299466,5.499466,5.6994658,5.899466
-12.700534,-12.200534,-11.700534,-11.200534,-10.700534,-10.300534,-9.700534,-9.300534,-8.800534,-8.300534,-7.900534,-7.900534,-7.500534,-6.400534,-3.4005342,-2.800534,-2.300534,-1.7005341,-1.2005341,-0.6005341,-0.20053406,0.29946595,0.79946595,1.199466,1.699466,2.0994658,2.499466,2.899466,3.399466,3.699466,4.1994658,4.499466,4.899466,5.299466,5.6994658,5.999466,6.399466,6.6994658,7.099466,7.399466,7.6994658,7.999466,8.399466,8.699466,8.999466,9.299466,9.499466,9.799466,9.999466,10.299466,10.499466,10.799466,10.999466,11.199466,11.399466,11.599466,11.799466
-13.800534,-14.000534,-14.000534,-13.600534,-12.900534,-12.000534,-11.300534,-10.600534,-6.500534,-5.3005342,-4.500534,-3.800534,-3.200534,-2.600534,-2.100534,-1.500534,-1.1005341,-0.6005341,-0.10053406,0.39946595,0.79946595,1.2994659,1.599466,1.7994659,1.8994659,1.999466,2.199466,2.499466,2.699466,2.999466,3.399466,3.699466,3.999466,4.299466,4.599466,4.899466,5.1994658,5.399466,5.6994658,5.899466,6.1994658,6.399466,6.6994658,6.999466,7.1994658,7.499466,7.799466,7.999466,8.299466,8.499466,8.799466,9.099466,9.299466,9.599466,9.799466,10.099466,10.299466
-11.600534,-10.500534,-8.800534,-7.900534,-7.3005342,-6.700534,-6.100534,-5.400534,-4.8005342,-5.500534,-7.100534,-7.3005342,-7.400534,-7.100534,-5.600534,-4.400534,-3.800534,-3.4005342,-3.100534,-2.700534,-2.4005342,-2.100534,-1.7005341,-1.400534,-1.2005341,-0.40053406,-0.30053407,-0.20053406,-0.40053406,-0.6005341,0.099465944,0.099465944,0.59946597,0.8994659,0.99946594,1.199466,1.3994659,1.599466,1.7994659,1.8994659,2.0994658,1.8994659,1.8994659,2.299466,2.5994658,2.999466,3.399466,3.799466,4.1994658,4.499466,4.799466,5.1994658,5.499466,5.899466,6.1994658,6.599466,6.999466
-9.300534,-8.700534,-8.000534,-7.400534,-6.8005342,-6.200534,-7.900534,-8.000534,-7.400534,-7.100534,-6.500534,-6.200534,-5.700534,-5.200534,-4.8005342,-4.400534,-4.000534,-3.600534,-3.300534,-3.100534,-2.800534,-2.700534,-2.500534,-2.300534,-2.100534,-1.900534,-1.800534,-1.400534,-0.90053403,-0.6005341,-0.30053407,-5.340576E-4,0.099465944,0.19946595,0.19946595,-0.50053406,-0.20053406,0.099465944,0.39946595,0.69946593,0.99946594,1.2994659,1.599466,1.999466,2.299466,2.699466,2.999466,3.399466,3.799466,4.1994658,4.599466,5.099466,5.399466,5.899466,6.299466,6.6994658,7.099466
-8.500534,-8.100534,-7.8005342,-9.700534,-9.600534,-9.600534,-9.300534,-9.100534,-8.800534,-8.500534,-8.100534,-7.600534,-7.100534,-6.900534,-7.100534,-7.200534,-7.3005342,-7.500534,-7.700534,-7.700534,-7.700534,-8.200534,-7.900534,-7.600534,-6.900534,-6.000534,-5.100534,-4.3005342,-3.4005342,-3.100534,-3.000534,-2.600534,-2.200534,-1.800534,-1.500534,-1.1005341,-0.80053407,-0.40053406,-0.10053406,0.29946595,0.59946597,0.8994659,1.2994659,1.699466,2.0994658,2.499466,2.999466,3.499466,3.999466,4.399466,4.899466,5.399466,5.799466,6.1994658,6.599466,6.999466,7.299466
-10.800534,-9.600534,-9.700534,-9.700534,-9.500534,-9.100534,-8.200534,-8.000534,-7.900534,-8.100534,-8.300534,-8.700534,-9.200534,-10.000534,-10.400534,-10.500534,-10.400534,-10.100534,-9.800534,-9.400534,-9.100534,-8.600534,-8.300534,-8.000534,-7.700534,-7.400534,-7.100534,-6.600534,-6.000534,-6.100534,-4.700534,-4.200534,-3.700534,-3.200534,-2.600534,-2.000534,-1.300534,-0.70053405,-0.10053406,0.19946595,1.199466,1.599466,2.0994658,2.499466,2.899466,3.299466,3.699466,4.1994658,4.599466,5.099466,5.499466,5.999466,6.399466,6.899466,7.1994658,7.599466,7.799466
-9.400534,-9.400534,-9.100534,-8.700534,-8.600534,-8.900534,-9.500534,-10.000534,-10.300534,-10.300534,-10.300534,-10.000534,-9.500534,-9.300534,-9.200534,-9.200534,-9.300534,-9.300534,-9.500534,-9.600534,-9.800534,-9.500534,-9.700534,-10.300534,-10.400534,-10.400534,-10.400534,-10.300534,-9.900534,-9.600534,-9.100534,-8.600534,-8.100534,-7.600534,-7.100534,-6.500534,-6.100534,-5.600534,-5.200534,-4.8005342,-4.100534,-3.300534,-2.700534,-2.200534,3.499466,3.899466,4.299466,4.799466,5.299466,5.6994658,6.1994658,6.6994658,7.299466,7.799466,8.399466,8.999466,9.299466
-9.500534,-9.500534,-9.600534,-9.600534,-9.500534,-9.500534,-9.500534,-9.500534,-9.600534,-9.800534,-10.100534,-9.100534,-9.100534,-8.900534,-8.800534,-8.900534,-9.200534,-9.700534,-10.200534,-10.400534,-10.400534,-10.200534,-9.800534,-9.400534,-9.100534,-8.700534,-8.300534,-7.700534,-7.200534,-5.8005342,-5.3005342,-4.900534,-4.500534,-4.200534,-8.900534,-8.900534,-8.200534,-7.600534,-6.900534,-6.500534,-6.200534,-6.100534,-6.100534,-5.000534,3.499466,4.1994658,4.6994658,5.1994658,5.6994658,6.299466,6.999466,7.6994658,8.399466,8.999466,9.499466,9.899466,10.199466
-9.300534,-9.500534,-9.700534,-9.900534,-9.900534,-10.400534,-10.300534,-10.300534,-10.200534,-10.300534,-10.400534,-10.500534,-10.700534,-11.000534,-9.000534,-9.600534,-10.000534,-10.400534,-10.700534,-10.900534,-10.900534,-10.700534,-10.400534,-10.100534,-9.900534,-9.700534,-9.400534,-9.000534,-8.500534,-8.000534,-7.400534,-6.700534,-6.000534,-5.3005342,-4.500534,-3.700534,-3.4005342,-3.100534,-4.900534,-6.900534,-6.700534,-6.3005342,-5.600534,-4.700534,-3.300534,-2.200534,-1.6005341,-1.500534,-1.000534,0.39946595,2.0994658,2.899466,3.0994658,4.299466,7.599466,11.499466,12.099466
-9.200534,-9.700534,-10.000534,-9.900534,-9.800534,-9.600534,-9.600534,-9.500534,-9.400534,-9.900534,-10.000534,-10.000534,-10.000534,-9.200534,-9.600534,-10.400534,-11.200534,-12.000534,-12.600534,-13.000534,-13.300534,-13.300534,-13.100534,-12.500534,-11.700534,-11.200534,-10.500534,-8.500534,-7.900534,-7.700534,-7.500534,-7.400534,-7.200534,-6.8005342,-6.3005342,-5.400534,-5.100534,-6.600534,-5.600534,-4.500534,-3.200534,-2.100534,-0.90053403,0.59946597,1.8994659,2.899466,3.399466,3.5994658,4.599466,5.999466,6.299466,6.799466,7.599466,8.199466,8.799466,9.499466,9.899466
-7.700534,-8.300534,-9.500534,-9.900534,-9.800534,-8.600534,-8.800534,-9.200534,-9.700534,-10.100534,-10.600534,-11.100534,-11.800534,-12.600534,-12.200534,-12.200534,-12.400534,-12.200534,-11.900534,-11.500534,-10.700534,-9.500534,-8.500534,-8.800534,-9.700534,-10.900534,-11.900534,-12.000534,-11.400534,-10.500534,-10.000534,-6.8005342,-6.8005342,-6.900534,-6.8005342,-6.400534,-6.000534,-5.3005342,-4.500534,-3.600534,-1.000534,0.49946594,1.999466,3.299466,4.6994658,6.399466,8.199466,10.099466,11.799466,13.099466,14.099466,14.699466,15.399466,16.499466,17.599466,18.699467,19.799465
-7.400534,-9.000534,-9.200534,-8.300534,-9.500534,-9.900534,-11.000534,-10.000534,-9.900534,-9.500534,-9.300534,-9.300534,-9.100534,-9.200534,-10.100534,-11.300534,-12.200534,-12.200534,-11.400534,-9.500534,-9.900534,-10.000534,-7.500534,-7.000534,-6.200534,-5.700534,-6.100534,-7.900534,-10.100534,-10.400534,-8.900534,-7.200534,-6.600534,-6.700534,-6.900534,-6.8005342,-6.400534,-5.400534,-4.000534,-1.7005341,1.2994659,3.499466,5.899466,7.999466,9.899466,11.299466,12.499466,13.799466,15.399466,17.099466,18.199467,18.699467,19.099466,19.299465,19.799465,20.199467,20.399466
-6.8005342,-8.500534,-9.800534,-9.900534,-9.100534,-10.400534,-11.700534,-12.100534,-12.200534,-10.900534,-10.300534,-9.000534,-8.100534,-7.000534,-6.100534,-5.700534,-8.500534,-8.600534,-8.200534,-7.8005342,-8.200534,-8.200534,-8.300534,-9.100534,-9.100534,-8.100534,-5.8005342,-6.600534,-8.700534,-9.900534,-9.000534,-7.400534,-2.200534,-6.100534,-5.500534,-5.700534,-4.600534,-4.200534,-0.70053405,1.999466,4.499466,6.499466,8.299466,9.999466,11.399466,12.599466,13.699466,14.499466,15.199466,15.799466,16.499466,16.999466,17.199467,17.299465,17.599466,17.999466,18.299465
-6.500534,-7.900534,-8.800534,-9.700534,-10.200534,-10.400534,-10.700534,-10.400534,-10.400534,-10.400534,-10.200534,-9.900534,-10.800534,-9.800534,-9.600534,-8.300534,-7.3005342,-7.900534,-7.200534,-7.200534,-6.600534,-6.600534,-6.700534,-6.8005342,-6.600534,-6.500534,-6.200534,-7.400534,-8.100534,-9.200534,-10.600534,-11.700534,-1.1005341,-4.600534,-5.000534,-4.500534,-3.200534,-1.7005341,0.59946597,2.399466,3.699466,4.799466,5.799466,6.899466,7.999466,8.899466,9.699466,10.599466,11.699466,13.199466,14.299466,14.799466,15.099466,15.899466,16.399466,16.599466,16.399466
7.1994658,6.899466,6.599466,6.299466,3.899466,-5.900534,-6.3005342,-6.400534,-6.500534,-6.400534,-6.100534,-6.100534,-5.8005342,-5.400534,-5.400534,-5.8005342,-6.600534,-7.100534,-5.700534,-6.8005342,-6.3005342,-5.8005342,-5.700534,-5.600534,-5.3005342,-4.900534,-3.600534,-5.100534,-5.8005342,-5.3005342,-5.200534,-4.600534,-2.000534,-6.000534,-5.700534,-4.400534,-3.200534,-1.7005341,-1.800534,-1.800534,-1.300534,-0.40053406,0.59946597,1.599466,2.399466,3.199466,4.299466,5.599466,7.799466,9.699466,11.299466,12.299466,13.599466,15.199466,16.299465,16.499466,15.599466
9.899466,9.499466,9.099466,8.899466,8.699466,8.499466,8.299466,7.999466,7.799466,7.599466,6.999466,6.1994658,5.6994658,5.099466,1.199466,-0.30053407,-0.30053407,-0.40053406,-1.300534,-2.600534,-3.200534,-4.000534,-4.3005342,-4.3005342,-4.500534,-4.600534,-4.400534,-4.200534,-3.4005342,-3.200534,-4.900534,-8.800534,-8.200534,-6.500534,-7.900534,-7.700534,-6.200534,-5.200534,-5.500534,-5.900534,-5.500534,-4.400534,-2.800534,-1.800534,-0.80053407,1.199466,3.199466,4.999466,5.399466,6.399466,8.199466,9.599466,10.499466,11.399466,12.299466,12.499466,12.099466
13.399466,13.199466,13.499466,13.499466,13.299466,12.999466,12.499466,11.899466,11.199466,10.499466,9.699466,7.799466,7.299466,7.099466,6.799466,5.999466,5.799466,5.399466,5.499466,5.099466,-1.2005341,-1.900534,-2.9005342,-3.700534,-4.200534,-4.600534,-4.900534,-5.400534,-5.900534,-6.100534,-6.600534,-6.700534,-10.200534,-10.100534,-9.100534,-9.300534,-9.700534,-9.400534,-8.900534,-8.700534,-8.500534,-7.400534,-6.3005342,-4.8005342,-2.500534,-0.80053407,0.29946595,1.199466,2.199466,3.299466,0.099465944,1.499466,0.39946595,0.19946595,9.299466,9.899466,10.499466
16.499466,15.999466,15.399466,15.899466,16.099466,15.699466,14.699466,12.999466,12.099466,11.499466,10.899466,10.299466,9.599466,8.999466,8.399466,7.799466,7.399466,6.999466,6.499466,6.099466,5.499466,-1.800534,-2.4005342,-4.000534,-4.900534,-5.3005342,-5.600534,-6.000534,-7.8005342,-9.600534,-8.200534,-8.200534,-9.100534,-10.300534,-11.000534,-11.900534,-12.100534,-12.000534,-11.100534,-10.800534,-10.600534,-10.200534,-9.800534,-8.400534,-6.8005342,-5.500534,-4.000534,-2.200534,-0.20053406,-2.200534,-0.6005341,0.69946593,1.999466,-0.20053406,6.999466,7.799466,8.299466
19.799465,19.099466,18.399466,17.699467,16.999466,16.399466,15.699466,15.099466,15.199466,15.099466,13.999466,12.699466,12.099466,11.399466,10.699466,9.899466,9.199466,8.499466,3.799466,2.899466,6.899466,6.1994658,2.5994658,-3.600534,-4.600534,-7.700534,-8.600534,-9.000534,-8.800534,-7.000534,-6.100534,-6.200534,-8.000534,-9.400534,-10.600534,-12.100534,-12.600534,-13.100534,-12.500534,-11.900534,-11.500534,-11.100534,-11.100534,-11.400534,-11.000534,-9.500534,-7.100534,-4.400534,-1.7005341,0.49946594,2.699466,4.599466,5.999466,6.999466,-5.340576E-4,7.299466,7.1994658
23.299465,22.499466,21.599466,20.699467,19.899466,19.099466,18.399466,17.499466,16.799465,16.099466,15.399466,14.899466,15.199466,14.099466,12.699466,11.899466,10.599466,9.499466,7.399466,5.399466,4.399466,3.5994658,7.1994658,6.499466,-4.8005342,-5.8005342,-6.400534,-6.600534,-6.900534,3.799466,-0.30053407,-4.700534,-5.8005342,-7.500534,-9.100534,-10.500534,-11.900534,-11.500534,-12.100534,-11.800534,-11.800534,-11.100534,-10.700534,-11.200534,-12.200534,-12.300534,-10.500534,-8.000534,-5.500534,-3.300534,-1.400534,0.69946593,2.799466,-1.300534,-0.40053406,-0.10053406,6.999466
27.699467,26.399466,25.299465,24.199467,23.099466,22.199467,21.199467,20.399466,19.499466,18.699467,17.799465,16.999466,16.199467,15.099466,14.399466,13.799466,12.999466,12.299466,10.899466,8.699466,7.1994658,5.6994658,4.6994658,8.299466,7.599466,6.899466,6.299466,5.6994658,5.299466,4.999466,4.6994658,3.5994658,-3.600534,-5.100534,-7.200534,-8.700534,-10.100534,-11.100534,-10.600534,-10.400534,-10.300534,-10.300534,-10.300534,-10.200534,-10.300534,-10.800534,-11.600534,-11.700534,-11.100534,-8.700534,-5.900534,-3.300534,-1.500534,-2.600534,-0.90053403,-0.80053407,4.499466
31.399466,30.399466,29.399466,28.299465,27.099466,25.899466,24.699467,23.599466,22.599466,21.599466,20.599466,19.499466,18.499466,17.599466,16.899466,13.699466,13.599466,13.199466,12.199466,10.599466,9.399466,8.199466,6.899466,6.1994658,8.199466,8.799466,8.099466,7.499466,6.899466,6.399466,1.699466,2.399466,5.6994658,-2.700534,-4.3005342,-6.600534,-8.200534,-8.700534,-9.800534,-9.700534,-7.900534,-7.500534,-7.200534,-7.3005342,-7.000534,-6.8005342,-8.200534,-10.300534,-11.800534,-11.300534,-9.100534,-6.200534,-3.100534,-2.100534,-1.400534,-1.400534,3.999466
34.299465,33.299465,32.499466,31.599466,30.599466,29.499466,28.299465,27.099466,25.899466,24.799465,23.599466,22.399466,21.199467,20.099466,19.199467,18.499466,17.699467,13.199466,12.399466,10.799466,9.599466,9.599466,9.399466,8.799466,7.999466,10.999466,10.299466,9.599466,8.999466,8.299466,7.799466,7.399466,7.1994658,6.999466,0.19946595,-3.000534,-5.700534,-6.8005342,-7.000534,-6.500534,-5.8005342,-5.400534,-5.000534,-4.8005342,-4.600534,-4.400534,-4.100534,-4.700534,-5.500534,-7.400534,-7.900534,-6.3005342,-3.4005342,-0.50053406,0.29946595,-0.30053407,0.099465944
36.799465,35.699467,34.699467,33.899467,33.099464,32.099464,30.999466,29.799465,28.799465,27.799465,26.599466,25.399466,24.099466,22.899466,21.899466,20.899466,20.099466,19.099466,12.299466,10.599466,9.799466,15.999466,12.099466,10.499466,11.199466,11.299466,10.699466,12.099466,11.399466,10.799466,10.199466,9.599466,9.199466,8.799466,8.499466,8.299466,-1.000534,-4.000534,-5.400534,-5.600534,-5.3005342,-4.600534,-4.100534,-3.800534,-3.4005342,-3.100534,-2.500534,-1.800534,-1.900534,-2.4005342,-4.200534,-3.4005342,-2.000534,0.8994659,1.499466,1.699466,1.499466
