target/myProject/json/ex.json
{"header": { "discipline": 0, "disciplineName": "Meteorological products", "gribEdition": 2, "gribLength": 89774, "center": 7, "centerName": "US National Weather Service - NCEP(WMC)", "subcenter": 0, "refTime": "2018-08-13T00:00:00.000Z", "significanceOfRT": 1, "significanceOfRTName": "Start of forecast", "productStatus": 0, "productStatusName": "Operational products", "productType": 1, "productTypeName": "Forecast products", "productDefinitionTemplate": 0, "productDefinitionTemplateName": "Analysis/forecast at horizontal level/layer at a point in time", "parameterCategory": 2, "parameterCategoryName": "Momentum", "parameterNumber": 3, "parameterNumberName": "V-component_of_wind", "parameterUnit": "m.s-1", "genProcessType": 2, "genProcessTypeName": "Forecast", "forecastTime": 0, "surface1Type": 6, "surface1TypeName": "Maximum wind level", "surface1Value": 0.0, "surface2Type": 255, "surface2TypeName": "Missing", "surface2Value": 0.0, "gridDefinitionTemplate": 0, "gridDefinitionTemplateName": "Latitude_Longitude", "numberPoints": 65160, "shape": 6, "shapeName": "Earth spherical with radius of 6,371,229.0 m", "gridUnits": "degrees", "resolution": 48, "winds": "true", "scanMode": 64, "nx": 360, "ny": 181, "basicAngle": 0, "lo1": 0.0, "la1": 90.0, "lo2": 359.0, "la2": -90.0, "dx": 1.0, "dy": 1.0 }, "data":
[rows 78 to 103 of 181, columns 171 to 227 of 360]
-1.1859986,-8.785998,-9.585999,-10.585999,-10.885999,-10.685999,-9.885999,0.0140014645,0.5140015,1.7140014,8.814001,11.014002,12.314001,14.114001,15.614001,16.714,17.714,18.614002,18.914001,19.114002,18.414001,18.314001,18.114002,18.514002,19.214,19.114002,20.214,19.514002,5.6140013,4.3140016,2.6140015,0.7140015,-0.7859985,-2.0859985,-2.5859985,0.0140014645,-0.28599852,0.5140015,1.7140014,1.8140014,1.3140014,2.0140014,2.6140015,1.0140015,2.7140014,4.7140017,6.9140015,8.114001,7.6140013,0.5140015,1.4140015,1.4140015,0.61400145,1.5140015,2.3140016,3.1140015,4.2140017
-1.3859985,-1.8859985,-2.3859985,-2.5859985,-7.2859983,-9.985998,-1.3859985,-1.0859985,0.11400147,-0.7859985,7.3140016,10.414001,12.214002,13.514002,14.614001,15.514002,16.714,17.514002,18.314001,18.514002,18.014002,17.614002,17.314001,17.114002,16.814001,16.614002,18.514002,17.014002,5.1140013,3.6140015,2.3140016,0.5140015,2.9140015,3.1140015,2.0140014,1.0140015,1.2140014,1.4140015,1.8140014,2.6140015,3.1140015,2.3140016,1.1140015,2.9140015,5.0140014,7.4140015,9.214002,9.414001,1.3140014,1.8140014,2.6140015,1.2140014,1.7140014,2.1140015,2.6140015,3.5140014,3.8140016
-2.0859985,-2.1859984,-2.3859985,-2.2859986,-2.0859985,-3.2859986,3.4140015,4.2140017,5.2140017,5.7140017,5.2140017,10.514002,11.114001,12.414001,13.314001,15.114001,16.414001,17.614002,18.514002,18.714,18.114002,17.214,16.714,15.914001,15.614001,14.614001,15.414001,17.114002,4.1140013,3.0140014,4.2140017,5.5140014,4.8140016,3.7140014,2.5140014,2.0140014,1.4140015,1.8140014,3.5140014,4.2140017,3.6140015,2.6140015,3.2140014,5.5140014,7.7140017,9.514002,10.314001,7.5140014,3.3140016,3.3140016,2.0140014,2.4140015,3.1140015,3.7140014,3.5140014,3.3140016,1.2140014
-3.4859986,-2.3859985,-1.1859986,-0.48599854,-0.88599855,1.5140015,2.8140016,3.9140015,5.0140014,5.2140017,6.1140013,9.214002,9.914001,11.714002,13.314001,14.614001,16.214,17.714,18.514002,18.714,18.414001,17.614002,17.214,16.114002,14.614001,13.614001,13.314001,14.014002,11.914001,7.8140016,6.3140016,5.6140013,4.9140015,3.7140014,2.8140016,2.1140015,2.8140016,3.7140014,4.7140017,4.6140013,2.4140015,3.3140016,5.6140013,9.614001,10.114001,10.714002,11.014002,3.8140016,3.4140015,2.0140014,2.1140015,2.7140014,3.0140014,2.9140015,0.61400145,0.41400146,0.31400147
-2.7859986,-0.28599852,4.7140017,-4.9859986,5.7140017,3.4140015,2.2140014,2.1140015,2.8140016,6.6140013,5.7140017,5.9140015,10.114001,11.714002,13.214002,14.714002,16.314001,17.414001,18.114002,18.314001,18.114002,17.314001,16.814001,15.114001,13.414001,13.314001,12.914001,12.914001,11.614001,8.614001,7.0140014,6.0140014,4.5140014,3.6140015,2.5140014,3.0140014,3.6140015,4.9140015,5.8140016,4.7140017,8.314001,10.014002,10.414001,10.814001,11.514002,12.114001,12.014002,9.514002,6.4140015,7.5140014,2.1140015,2.1140015,2.0140014,0.21400146,-0.085998535,-0.48599854,-0.9859985
4.0140014,-2.0859985,5.0140014,7.9140015,6.5140014,-3.1859984,-0.88599855,3.8140016,6.0140014,8.314001,5.0140014,5.5140014,10.714002,12.314001,13.714002,14.714002,15.714002,16.214,17.114002,17.214,16.914001,15.814001,15.414001,13.714002,13.014002,12.514002,11.614001,10.214002,8.514002,7.4140015,6.3140016,5.3140016,4.2140017,3.3140016,2.4140015,3.3140016,5.0140014,6.3140016,6.7140017,8.114001,10.214002,11.214002,11.814001,12.014002,12.714002,12.714002,12.414001,11.014002,8.714002,7.6140013,1.5140015,1.2140014,0.5140015,-0.085998535,-0.88599855,-1.4859985,-3.5859985
-2.7859986,0.31400147,6.5140014,4.5140014,4.7140017,-3.5859985,-3.8859985,-0.58599854,7.7140017,7.1140013,7.8140016,9.114001,10.114001,11.614001,12.714002,13.814001,14.914001,15.614001,15.714002,15.414001,14.714002,14.114001,13.714002,12.614001,12.014002,10.914001,-6.0859985,8.414001,8.714002,8.814001,7.8140016,6.9140015,4.9140015,2.9140015,1.3140014,4.7140017,6.0140014,7.3140016,7.8140016,9.814001,11.014002,11.814001,12.614001,13.114001,13.214002,13.014002,12.614001,10.714002,9.414001,1.3140014,-7.4859986,-7.0859985,-6.0859985,-4.7859983,0.31400147,-5.0859985,-6.2859983
6.1140013,7.2140017,9.814001,-8.185999,-6.2859983,-3.2859986,-1.9859985,-0.18599853,-0.28599852,8.314001,6.0140014,9.514002,10.114001,11.214002,12.214002,13.314001,14.014002,14.014002,13.314001,13.214002,13.114001,12.814001,11.814001,-2.7859986,-6.2859983,10.614001,11.514002,11.814001,11.414001,10.014002,8.714002,6.7140017,5.0140014,1.0140015,3.7140014,-5.2859983,7.7140017,10.114001,11.314001,11.714002,12.614001,13.214002,13.314001,13.714002,13.514002,13.714002,12.414001,10.114001,2.5140014,-8.085999,-7.9859986,-5.0859985,-0.38599855,-0.48599854,-5.9859986,-6.9859986,-7.9859986
0.61400145,1.2140014,2.7140014,9.814001,10.814001,-3.3859985,1.7140014,3.1140015,6.0140014,9.414001,10.314001,10.214002,10.514002,10.914001,11.514002,12.114001,12.314001,12.314001,12.214002,11.914001,11.414001,7.8140016,-5.7859983,-6.4859986,11.914001,12.114001,12.814001,12.514002,10.714002,8.814001,6.9140015,5.3140016,4.6140013,3.6140015,5.1140013,7.0140014,9.414001,11.514002,12.814001,13.414001,14.014002,13.614001,13.614001,13.614001,13.814001,13.814001,11.514002,4.2140017,-0.38599855,-0.7859985,-1.4859985,-2.3859985,-2.9859986,-3.0859985,-2.6859984,-8.585999,-9.485998
6.3140016,11.014002,12.114001,10.214002,4.7140017,2.8140016,5.1140013,7.3140016,9.414001,11.514002,10.414001,9.614001,9.314001,9.714002,10.514002,10.914001,11.014002,10.914001,10.614001,9.714002,8.414001,-5.3859987,-5.3859987,10.714002,11.614001,11.814001,11.514002,11.014002,8.814001,0.0140014645,-0.38599855,-0.9859985,6.0140014,5.2140017,6.3140016,7.6140013,9.814001,12.514002,13.414001,13.314001,13.514002,13.614001,14.214002,14.514002,14.614001,13.914001,11.114001,-0.68599856,-1.1859986,-1.7859986,-2.9859986,-4.1859984,-4.9859986,-4.8859987,-4.4859986,-9.985998,-10.985998
10.614001,11.714002,6.0140014,2.7140014,5.7140017,2.5140014,6.5140014,10.014002,12.014002,12.014002,9.914001,9.114001,8.414001,8.014002,-2.2859986,-4.5859985,-3.2859986,8.714002,8.214002,8.514002,-7.0859985,-6.5859985,-5.9859986,10.014002,10.914001,10.314001,10.714002,7.1140013,-0.38599855,-0.38599855,-1.1859986,-2.7859986,-4.1859984,0.41400146,7.7140017,9.114001,11.214002,12.714002,13.014002,12.414001,12.714002,13.014002,13.314001,13.914001,14.114001,14.214002,2.5140014,-0.88599855,-1.2859986,-2.5859985,-3.8859985,-5.0859985,-5.8859987,-6.5859985,-6.2859983,-5.9859986,-5.6859984
11.614001,0.11400147,0.7140015,8.314001,8.314001,1.7140014,2.6140015,9.414001,12.314001,10.614001,9.614001,7.9140015,-5.2859983,-5.4859986,-5.4859986,-3.7859986,6.9140015,-7.5859985,-8.385999,-7.9859986,-8.285998,-7.8859987,-8.085999,-7.7859983,9.914001,-0.58599854,-1.5859985,-1.2859986,0.21400146,0.41400146,-0.68599856,-2.7859986,-4.5859985,-5.4859986,-4.6859984,-4.0859985,10.714002,11.914001,12.414001,12.614001,12.414001,12.914001,12.814001,13.314001,14.214002,14.714002,-1.0859985,-1.4859985,-1.9859985,-3.1859984,-4.3859987,-5.4859986,-6.8859987,-7.9859986,-8.085999,-7.4859986,-6.5859985
-0.18599853,0.0140014645,2.1140015,1.7140014,9.014002,2.5140014,3.4140015,5.9140015,8.214002,9.514002,9.314001,8.114001,-3.8859985,-4.3859987,-8.385999,-0.28599852,6.6140013,-8.485998,-9.985998,-8.585999,-7.7859983,-7.2859983,-6.9859986,7.6140013,0.81400144,0.41400146,-0.7859985,-1.4859985,-0.48599854,0.21400146,-0.38599855,-2.8859985,-4.0859985,-4.3859987,-3.9859986,-3.4859986,5.2140017,10.014002,10.814001,11.314001,11.814001,11.714002,11.314001,12.314001,1.5140015,-0.88599855,-0.9859985,-1.5859985,-2.1859984,-3.4859986,-4.6859984,-5.9859986,-7.1859984,-7.9859986,-7.9859986,-7.2859983,-6.8859987
0.0140014645,7.6140013,2.7140014,1.8140014,1.9140015,2.5140014,3.5140014,6.5140014,8.514002,9.114001,9.114001,-4.1859984,-4.5859985,-8.685999,-8.785998,-8.685999,-7.5859985,-8.385999,-4.9859986,-6.0859985,-5.6859984,-4.6859984,1.9140015,1.8140014,-0.085998535,-1.0859985,-0.28599852,-0.58599854,-0.085998535,0.91400146,0.21400146,-1.2859986,-2.2859986,-2.8859985,-3.0859985,-2.9859986,-2.8859985,-2.3859985,7.8140016,7.7140017,-0.9859985,-0.18599853,-0.18599853,-0.38599855,-0.7859985,-0.9859985,-1.3859985,-2.1859984,-2.8859985,-3.7859986,-4.4859986,-5.4859986,-6.2859983,-6.9859986,-7.6859984,-7.0859985,-6.0859985
2.4140015,4.2140017,3.3140016,3.2140014,3.3140016,3.7140014,3.7140014,3.5140014,7.5140014,9.214002,9.414001,-2.2859986,-7.5859985,-8.485998,-8.285998,-7.4859986,-7.7859983,-3.5859985,0.61400145,1.7140014,1.1140015,0.0140014645,0.5140015,0.7140015,0.21400146,-1.3859985,-1.4859985,-1.1859986,-0.18599853,0.7140015,0.91400146,0.0140014645,-0.48599854,-0.9859985,-1.8859985,-2.4859986,-2.0859985,-1.9859985,-1.8859985,-0.48599854,-0.28599852,-0.085998535,-0.68599856,-0.7859985,-1.1859986,-1.9859985,-2.1859984,-2.0859985,-2.2859986,-2.7859986,-4.1859984,-5.0859985,-6.0859985,-7.0859985,-6.8859987,-6.0859985,-5.0859985
3.2140014,4.7140017,4.8140016,5.2140017,5.2140017,4.7140017,3.8140016,3.5140014,8.714002,9.514002,-3.2859986,-3.6859984,-4.3859987,-7.0859985,-7.2859983,-6.5859985,-1.2859986,-1.6859986,-0.68599856,1.0140015,0.61400145,0.21400146,0.61400145,-1.2859986,-3.1859984,-1.3859985,1.1140015,0.11400147,0.0140014645,-0.28599852,1.7140014,2.4140015,0.61400145,-0.58599854,-0.18599853,-1.6859986,0.21400146,0.0140014645,0.7140015,0.31400147,0.21400146,-0.18599853,-0.9859985,-1.5859985,-2.0859985,-2.1859984,-1.9859985,-1.4859985,-1.6859986,-2.4859986,-3.9859986,-5.1859984,-6.3859987,-6.6859984,-6.0859985,-5.1859984,-4.1859984
4.0140014,5.0140014,6.3140016,7.0140014,6.7140017,5.7140017,4.5140014,0.5140015,-1.6859986,-1.9859985,-2.4859986,-2.8859985,2.7140014,-3.8859985,-6.2859983,-5.7859983,-5.1859984,-3.7859986,-1.2859986,0.0140014645,-0.88599855,-1.4859985,-1.7859986,-1.5859985,-0.88599855,-1.2859986,-1.4859985,-1.3859985,-2.1859984,-0.7859985,-1.0859985,0.91400146,0.31400147,0.11400147,-0.68599856,-0.88599855,-1.6859986,0.7140015,0.81400144,0.5140015,0.41400146,0.11400147,-0.68599856,-1.3859985,-1.9859985,-2.3859985,-2.3859985,-2.0859985,-1.7859986,-2.4859986,-3.6859984,-4.6859984,-4.7859983,-6.1859984,-5.5859985,-4.4859986,-3.6859984
4.2140017,4.8140016,7.1140013,8.214002,8.014002,11.314001,11.414001,-1.3859985,-1.6859986,-1.4859985,-1.4859985,-1.8859985,-2.2859986,-2.0859985,-3.0859985,-4.3859987,-2.8859985,-2.5859985,2.1140015,-0.88599855,-5.0859985,-5.9859986,-5.8859987,-2.5859985,-3.1859984,-3.6859984,-3.7859986,-3.8859985,-3.9859986,-3.9859986,-4.0859985,-4.3859987,-4.4859986,-4.3859987,-2.0859985,-2.0859985,1.9140015,1.0140015,1.4140015,1.1140015,1.0140015,0.7140015,-0.18599853,-0.9859985,-1.6859986,-2.0859985,-2.4859986,-2.3859985,2.3140016,-1.0859985,-3.3859985,-5.6859984,-6.3859987,-6.8859987,-6.5859985,-5.4859986,-4.3859987
3.7140014,5.9140015,7.9140015,8.314001,-0.68599856,2.1140015,0.91400146,-1.4859985,-1.5859985,-1.3859985,-1.1859986,-0.7859985,-0.38599855,2.5140014,-0.48599854,-0.9859985,-1.9859985,-3.4859986,-2.3859985,-2.6859984,-4.4859986,-5.4859986,-5.4859986,-4.7859983,-2.7859986,-3.5859985,-3.9859986,-4.3859987,-4.6859984,-4.6859984,-4.6859984,-4.5859985,-4.2859983,-3.9859986,-4.0859985,-4.5859985,2.5140014,2.4140015,1.7140014,1.5140015,1.4140015,1.5140015,0.91400146,-0.7859985,-1.7859986,-2.2859986,-2.3859985,3.8140016,4.3140016,3.6140015,1.5140015,-1.3859985,-5.3859987,-7.7859983,-10.985998,-11.085999,-5.9859986
4.5140014,6.1140013,4.2140017,-1.1859986,-0.18599853,-0.28599852,-0.48599854,-0.58599854,-0.58599854,-0.7859985,-0.7859985,-0.18599853,3.9140015,2.1140015,0.91400146,0.81400144,-0.58599854,-1.9859985,-2.1859984,-0.38599855,0.31400147,-5.5859985,-5.4859986,-2.0859985,-2.8859985,-3.3859985,-2.9859986,-3.7859986,-4.7859983,-5.4859986,-7.4859986,-4.6859984,-4.2859983,-1.3859985,1.5140015,5.2140017,3.2140014,3.0140014,2.1140015,2.3140016,2.5140014,2.5140014,1.6140015,0.21400146,-1.4859985,-2.2859986,-2.5859985,-2.4859986,1.8140014,-1.1859986,-1.2859986,-2.4859986,-3.3859985,-5.3859987,-8.485998,-9.885999,-11.085999
5.7140017,5.2140017,6.1140013,5.5140014,1.4140015,1.2140014,0.81400144,1.0140015,0.81400144,1.1140015,1.3140014,1.3140014,6.0140014,2.4140015,3.0140014,2.9140015,-0.18599853,-0.58599854,1.5140015,1.8140014,-4.4859986,-6.0859985,-5.9859986,-2.4859986,-2.9859986,-3.3859985,-3.5859985,-2.5859985,-5.7859983,-7.2859983,-7.6859984,-8.185999,8.314001,9.314001,8.514002,6.9140015,4.2140017,3.6140015,-1.0859985,-0.68599856,-1.1859986,0.91400146,3.6140015,1.8140014,0.81400144,-2.6859984,-2.2859986,-2.2859986,-2.6859984,-3.8859985,1.4140015,0.41400146,-4.9859986,-6.2859983,-8.385999,-9.685999,-10.785998
9.014002,4.8140016,-0.085998535,2.6140015,3.5140014,1.6140015,8.714002,7.3140016,3.5140014,3.5140014,3.5140014,2.9140015,2.6140015,2.9140015,-2.6859984,2.4140015,1.6140015,-0.88599855,-1.8859985,-2.7859986,-4.8859987,-6.3859987,-6.1859984,-3.3859985,-3.1859984,-3.0859985,-4.1859984,-4.7859983,-6.2859983,-9.285998,-10.385999,-8.285998,10.014002,11.114001,9.814001,7.1140013,5.6140013,5.1140013,3.7140014,-7.4859986,-1.5859985,1.6140015,3.4140015,3.4140015,2.0140014,0.91400146,-1.2859986,-1.3859985,-1.9859985,2.2140014,2.3140016,0.91400146,-2.4859986,-4.1859984,-6.5859985,-7.4859986,-9.785998
5.5140014,4.6140013,3.6140015,8.114001,9.014002,8.414001,6.5140014,5.0140014,5.4140015,4.3140016,4.2140017,3.9140015,3.3140016,2.6140015,1.9140015,1.3140014,0.41400146,-0.38599855,-1.0859985,-1.3859985,-4.9859986,-6.2859983,-5.7859983,-4.5859985,-4.3859987,-4.5859985,-4.8859987,-4.1859984,-1.8859985,-4.7859983,-4.2859983,-3.6859984,10.014002,10.114001,10.114001,6.9140015,4.9140015,4.9140015,5.6140013,4.6140013,2.9140015,2.4140015,3.7140014,3.6140015,3.1140015,2.7140014,3.1140015,1.0140015,3.3140016,4.9140015,4.9140015,2.8140016,0.41400146,-2.6859984,-5.5859985,-3.3859985,-9.285998
6.8140016,6.2140017,6.2140017,10.114001,10.214002,5.7140017,7.4140015,5.8140016,6.5140014,6.1140013,4.7140017,4.3140016,3.6140015,2.7140014,1.8140014,0.5140015,-0.48599854,-1.2859986,-1.7859986,-2.6859984,-3.4859986,-3.9859986,-4.0859985,-4.1859984,-4.5859985,-5.3859987,-2.0859985,-1.1859986,-0.88599855,-1.2859986,-1.4859985,-3.7859986,-6.1859984,9.114001,10.414001,9.614001,-3.9859986,6.8140016,5.3140016,4.3140016,5.4140015,4.8140016,4.4140015,4.5140014,4.6140013,4.6140013,4.1140013,4.6140013,3.8140016,2.9140015,6.1140013,6.8140016,-4.4859986,-6.2859983,-3.1859984,-6.3859987,-8.485998
8.014002,7.7140017,6.5140014,8.714002,10.914001,5.7140017,6.9140015,6.7140017,6.7140017,6.9140015,5.6140013,5.1140013,4.1140013,3.2140014,1.7140014,0.11400147,-0.7859985,-1.0859985,-2.0859985,-2.6859984,-3.6859984,-4.3859987,-2.4859986,-3.6859984,-4.8859987,-4.7859983,-3.5859985,-2.8859985,-2.1859984,-2.0859985,-2.3859985,-4.1859984,-6.9859986,-8.085999,-6.0859985,-2.9859986,-2.4859986,-1.9859985,-2.3859985,-3.1859984,6.5140014,4.6140013,6.9140015,6.6140013,7.1140013,6.1140013,6.0140014,5.1140013,4.2140017,4.1140013,3.2140014,-1.5859985,-3.4859986,-5.4859986,-7.2859983,-3.6859984,-6.8859987
8.214002,8.114001,10.014002,9.314001,11.814001,11.614001,10.214002,8.414001,7.6140013,8.014002,7.8140016,6.8140016,5.1140013,3.9140015,1.5140015,0.0140014645,-0.68599856,-1.3859985,-1.8859985,-3.0859985,-3.9859986,-4.4859986,-4.5859985,-3.5859985,-5.2859983,-6.9859986,-5.3859987,-5.3859987,-8.585999,-9.185999,-8.785998,-8.885999,-10.085999,-8.285998,-7.5859985,-7.0859985,-1.5859985,-0.68599856,1.0140015,1.2140014,9.114001,8.214002,8.014002,9.714002,8.614001,8.314001,6.9140015,5.5140014,4.9140015,3.8140016,0.31400147,-0.38599855,-1.3859985,-1.7859986,-2.0859985,-3.1859984,-4.1859984
