target/myProject/json/ex.json
{"header": { "discipline": 0, "disciplineName": "Meteorological products", "gribEdition": 2, "gribLength": 81629, "center": 7, "centerName": "US National Weather Service - NCEP(WMC)", "subcenter": 0, "refTime": "2018-08-13T00:00:00.000Z", "significanceOfRT": 1, "significanceOfRTName": "Start of forecast", "productStatus": 0, "productStatusName": "Operational products", "productType": 1, "productTypeName": "Forecast products", "productDefinitionTemplate": 0, "productDefinitionTemplateName": "Analysis/forecast at horizontal level/layer at a point in time", "parameterCategory": 0, "parameterCategoryName": "Temperature", "parameterNumber": 0, "parameterNumberName": "Temperature", "parameterUnit": "K", "genProcessType": 2, "genProcessTypeName": "Forecast", "forecastTime": 0, "surface1Type": 6, "surface1TypeName": "Maximum wind level", "surface1Value": 0.0, "surface2Type": 255, "surface2TypeName": "Missing", "surface2Value": 0.0, "gridDefinitionTemplate": 0, "gridDefinitionTemplateName": "Latitude_Longitude", "numberPoints": 65160, "shape": 6, "shapeName": "Earth spherical with radius of 6,371,229.0 m", "gridUnits": "degrees", "resolution": 48, "winds": "true", "scanMode": 64, "nx": 360, "ny": 181, "basicAngle": 0, "lo1": 0.0, "la1": 90.0, "lo2": 359.0, "la2": -90.0, "dx": 1.0, "dy": 1.0 }, "data":
[rows 78 to 103 of 181, columns 300 to 359 of 360]
218.90398,217.70398,217.40398,217.00398,216.70398,216.10397,215.40398,215.00398,215.60397,215.80399,216.00398,215.90398,216.30399,220.40398,220.50398,220.00398,217.80399,216.70398,216.00398,215.50398,215.00398,214.50398,214.00398,213.40398,212.80399,212.30399,212.20398,212.00398,211.70398,211.80399,211.90398,211.60397,211.40398,211.00398,210.90398,211.10397,210.80399,211.20398,212.10397,214.60397,214.90398,215.00398,214.80399,214.20398,214.00398,214.70398,216.70398,219.20398,219.50398,219.30399,219.00398,209.40398,209.70398,210.10397,210.50398,219.90398,219.80399,212.00398,203.40398,204.40398
216.70398,216.90398,216.70398,216.20398,215.80399,214.70398,213.80399,213.40398,213.80399,213.70398,213.90398,213.20398,212.20398,211.50398,211.10397,211.40398,211.80399,212.00398,211.60397,211.10397,210.70398,210.60397,210.30399,210.30399,210.00398,209.80399,209.80399,209.60397,209.60397,209.60397,209.50398,209.50398,209.60397,209.80399,209.80399,210.10397,210.40398,211.30399,214.10397,216.00398,216.30399,215.90398,214.90398,211.80399,210.90398,211.30399,211.80399,212.30399,212.90398,214.90398,215.90398,215.80399,213.90398,211.10397,212.50398,214.50398,221.30399,221.40398,219.80399,204.70398
214.20398,213.30399,212.60397,212.80399,212.50398,211.70398,211.00398,210.40398,210.20398,209.90398,209.70398,209.00398,208.80399,208.50398,208.60397,209.10397,209.10397,209.10397,209.20398,209.10397,209.20398,209.10397,209.00398,208.90398,208.50398,208.50398,208.70398,208.80399,209.00398,208.90398,208.80399,209.10397,209.20398,209.40398,209.50398,209.90398,211.20398,216.20398,216.50398,215.60397,212.20398,210.90398,210.50398,210.40398,210.60397,211.00398,211.20398,211.30399,211.20398,210.80399,210.50398,211.80399,212.60397,213.00398,213.60397,214.30399,215.20398,225.20398,222.70398,221.10397
212.20398,210.80399,209.40398,208.60397,207.90398,207.10397,206.50398,206.80399,207.30399,207.40398,207.20398,207.00398,206.90398,206.40398,206.40398,206.10397,205.80399,205.70398,205.60397,205.70398,205.80399,205.90398,206.40398,206.80399,207.00398,207.50398,207.70398,208.10397,208.10397,208.10397,208.10397,208.10397,208.10397,208.20398,208.30399,210.30399,215.40398,214.70398,211.70398,210.70398,210.20398,209.90398,209.90398,210.20398,210.50398,210.60397,210.60397,210.50398,210.40398,210.90398,211.50398,212.00398,212.40398,212.60397,213.10397,214.10397,215.30399,217.30399,225.90398,223.10397
209.70398,208.50398,207.60397,207.30399,206.00398,205.00398,204.90398,204.90398,205.40398,211.70398,205.60397,205.10397,205.70398,206.00398,206.20398,205.80399,205.40398,205.10397,205.10397,205.10397,205.20398,205.40398,205.50398,205.80399,206.30399,206.90398,207.50398,207.90398,208.00398,207.70398,207.50398,207.50398,207.20398,206.90398,206.60397,206.80399,210.90398,210.40398,210.00398,209.50398,208.70398,208.20398,208.20398,208.50398,208.90398,209.50398,210.00398,210.40398,211.00398,211.50398,211.30399,210.60397,210.60397,210.70398,211.00398,213.40398,216.40398,219.20398,226.30399,226.10397
210.20398,207.80399,206.00398,204.90398,204.20398,204.00398,203.60397,203.90398,203.10397,203.90398,203.00398,203.60397,204.40398,204.40398,205.30399,205.30399,205.30399,205.40398,205.50398,205.50398,205.70398,206.10397,206.20398,206.50398,207.20398,207.80399,208.10397,208.00398,207.60397,206.90398,206.60397,206.40398,206.20398,206.10397,206.10397,206.50398,209.00398,209.30399,208.80399,207.90398,207.60397,207.60397,207.80399,208.20398,208.60397,209.00398,209.10397,208.70398,208.70398,209.10397,209.30399,209.40398,209.50398,209.80399,210.20398,210.70398,217.00398,215.40398,211.70398,205.90398
209.10397,209.90398,212.30399,204.50398,204.60397,204.60397,204.90398,204.90398,202.40398,202.70398,203.10397,203.60397,204.30399,203.50398,203.10397,203.90398,205.20398,205.60397,205.60397,205.70398,205.70398,206.00398,206.10397,206.70398,207.40398,207.90398,207.60397,206.90398,206.10397,205.70398,205.70398,205.90398,206.30399,206.20398,206.40398,207.60397,208.30399,208.10397,207.70398,207.50398,207.50398,207.50398,207.70398,207.90398,208.00398,208.10397,207.80399,207.70398,207.80399,207.90398,207.60397,207.80399,208.30399,208.80399,209.50398,210.10397,210.50398,210.90398,207.90398,207.80399
209.20398,200.70398,211.30399,205.50398,205.60397,205.20398,204.30399,207.90398,206.40398,203.70398,204.00398,204.00398,203.60397,203.60397,204.20398,204.10397,204.20398,204.30399,204.20398,203.80399,203.60397,203.70398,204.80399,206.10397,207.30399,207.70398,207.50398,206.80399,205.60397,205.20398,205.50398,206.20398,206.60397,207.00398,207.70398,208.10397,208.00398,207.60397,207.30399,207.10397,207.10397,207.20398,207.20398,207.30399,207.30399,206.80399,206.40398,206.30399,206.50398,206.80399,207.40398,207.90398,208.30399,208.50398,208.90398,209.30399,209.80399,209.90398,209.80399,209.70398
199.50398,199.90398,200.80399,203.40398,204.60397,203.90398,203.30399,204.00398,203.50398,204.20398,203.80399,203.60397,203.50398,203.70398,204.60397,204.60397,204.20398,203.80399,203.20398,202.80399,202.40398,202.50398,203.10397,204.80399,205.70398,205.00398,203.30399,202.80399,203.50398,205.10397,205.80399,206.50398,207.20398,208.00398,208.20398,208.10397,207.60397,207.20398,206.90398,206.80399,206.80399,206.50398,206.30399,206.10397,205.40398,205.00398,205.30399,205.30399,205.20398,205.60397,207.10397,208.30399,208.50398,208.70398,209.00398,209.30399,209.60397,209.80399,209.60397,209.20398
199.20398,199.40398,200.40398,203.20398,204.20398,204.10397,204.00398,204.20398,204.30399,204.20398,204.00398,203.90398,203.90398,203.40398,203.70398,203.80399,203.80399,203.40398,203.00398,202.60397,202.30399,202.60397,202.90398,202.60397,201.80399,201.40398,201.70398,202.00398,202.10397,201.80399,201.50398,201.80399,207.40398,207.90398,207.90398,207.50398,206.90398,206.10397,205.80399,205.60397,205.00398,203.40398,202.50398,203.00398,203.40398,204.10397,204.20398,204.30399,204.90398,206.10397,208.20398,208.40398,208.50398,208.60397,208.90398,209.10397,209.10397,208.90398,208.80399,208.60397
208.10397,206.80399,204.80399,204.00398,203.20398,203.20398,203.70398,204.30399,204.20398,204.20398,204.40398,204.20398,204.20398,203.30399,202.60397,203.00398,203.30399,203.40398,203.40398,203.00398,202.90398,202.70398,202.40398,201.80399,201.50398,201.30399,201.20398,201.20398,201.30399,201.40398,201.30399,201.50398,202.10397,204.40398,205.10397,205.50398,205.40398,205.20398,204.60397,203.30399,202.30399,201.90398,202.40398,203.00398,203.80399,204.30399,204.50398,206.30399,252.90398,253.10397,253.10397,252.90398,252.70398,252.80399,252.90398,253.60397,254.00398,254.30399,254.30399,253.80399
205.60397,204.80399,203.50398,202.80399,202.80399,203.30399,203.60397,203.90398,203.90398,204.10397,204.20398,203.80399,203.60397,203.50398,203.20398,203.40398,203.60397,203.80399,203.50398,203.00398,202.80399,202.80399,202.70398,202.50398,201.80399,201.00398,200.60397,200.60397,200.80399,206.40398,206.50398,206.20398,205.60397,204.60397,204.50398,203.90398,202.10397,201.50398,201.50398,201.20398,201.60397,202.20398,202.70398,203.70398,204.30399,204.60397,252.50398,252.80399,253.20398,253.10397,252.70398,252.10397,251.80399,251.90398,252.20398,252.90398,252.90398,253.20398,253.20398,253.20398
203.90398,203.90398,202.50398,202.30399,202.70398,203.10397,203.40398,203.60397,203.70398,203.80399,203.80399,203.60397,203.30399,203.30399,203.40398,203.40398,203.10397,203.00398,203.00398,203.00398,203.10397,203.00398,202.80399,202.40398,201.70398,200.60397,199.90398,221.40398,242.50398,241.70398,241.80399,241.60397,237.70398,235.00398,232.00398,231.60397,230.60397,230.40398,229.90398,230.10397,231.10397,231.20398,230.40398,225.10397,250.80399,251.00398,251.50398,252.60397,253.20398,253.30399,252.90398,252.40398,252.00398,252.00398,251.90398,252.00398,252.00398,252.40398,252.60397,253.00398
204.50398,203.70398,202.30399,202.50398,202.90398,203.40398,203.60397,203.30399,267.20398,264.904,264.804,264.904,265.20398,203.00398,203.00398,202.90398,202.90398,202.90398,202.80399,202.60397,203.20398,225.80399,225.70398,225.70398,225.70398,230.40398,240.40398,239.30399,239.50398,240.20398,240.30399,239.70398,236.70398,234.70398,234.10397,232.50398,230.30399,224.80399,221.60397,234.60397,234.70398,234.20398,231.70398,230.10397,227.90398,251.10397,251.60397,252.40398,253.00398,253.20398,252.90398,252.40398,252.10397,252.00398,252.10397,252.40398,252.60397,252.30399,252.50398,253.20398
203.90398,202.70398,202.50398,202.90398,203.10397,203.30399,266.404,266.404,267.10397,264.804,264.804,265.00397,226.90398,223.40398,222.30399,222.50398,223.40398,224.60397,224.60397,225.10397,225.40398,225.30399,225.40398,225.80399,235.30399,240.20398,241.20398,241.30399,240.30399,239.10397,237.70398,237.50398,234.70398,228.20398,225.90398,225.60397,224.60397,223.80399,223.00398,235.50398,235.90398,236.00398,235.10397,233.40398,229.90398,228.00398,241.30399,251.30399,251.40398,251.90398,252.40398,252.70398,252.90398,252.60397,252.70398,252.50398,252.40398,251.60397,203.70398,202.10397
203.20398,202.50398,202.80399,203.40398,266.10397,263.404,265.304,264.00397,264.60397,264.904,265.20398,226.30399,224.10397,223.00398,223.40398,224.20398,225.10397,225.30399,225.40398,225.70398,225.20398,225.10397,225.90398,229.30399,228.90398,232.20398,239.80399,239.50398,238.60397,236.00398,235.50398,228.00398,224.60397,224.10397,224.60397,224.50398,225.20398,225.00398,222.70398,220.80399,219.90398,219.00398,216.50398,214.50398,213.90398,213.90398,213.70398,212.50398,212.10397,247.80399,253.10397,254.10397,253.90398,253.60397,252.80399,202.50398,202.40398,203.00398,202.90398,201.80399
203.20398,218.20398,245.90398,245.60397,240.30399,262.10397,262.00397,264.50397,264.10397,265.00397,225.70398,223.90398,223.00398,223.20398,224.30399,226.70398,226.30399,225.60397,225.30399,225.00398,224.80399,225.30399,226.40398,219.90398,219.40398,219.20398,219.40398,219.60397,220.00398,228.10397,228.60397,225.20398,223.30399,224.50398,224.00398,224.70398,224.50398,224.80399,223.50398,222.40398,220.00398,218.00398,215.60397,212.80399,211.70398,211.70398,212.40398,212.10397,212.00398,212.00398,211.00398,254.90398,255.00398,216.60397,202.50398,202.60397,203.20398,203.20398,203.00398,203.30399
256.304,239.70398,234.70398,239.60397,239.70398,239.20398,261.904,263.20398,262.00397,263.10397,224.60397,223.20398,223.30399,223.30399,223.50398,224.80399,225.30399,225.10397,225.10397,225.60397,228.00398,229.90398,219.30399,218.50398,218.00398,217.70398,217.50398,215.70398,215.40398,215.40398,216.00398,218.20398,221.50398,227.90398,227.00398,226.60397,215.00398,217.30399,218.70398,218.00398,217.20398,215.50398,213.00398,210.80399,209.40398,208.80399,208.40398,208.60397,209.80399,211.70398,213.70398,217.30399,213.30399,200.20398,202.30399,203.00398,203.00398,203.40398,204.30399,203.80399
244.80399,237.90398,234.30399,233.10397,239.50398,250.00398,264.404,262.50397,238.50398,226.00398,223.90398,222.90398,222.60397,221.90398,221.00398,221.20398,222.80399,226.90398,227.80399,228.20398,221.80399,218.90398,218.70398,217.60397,215.70398,214.70398,214.40398,214.50398,216.60397,214.70398,215.60397,215.20398,214.90398,215.00398,214.50398,214.20398,213.90398,214.60397,217.10397,215.80399,213.40398,211.70398,211.20398,209.40398,208.90398,208.50398,208.10397,208.20398,208.50398,209.60397,213.20398,215.00398,214.60397,198.50398,201.80399,202.50398,203.10397,202.90398,201.60397,200.60397
240.70398,221.40398,214.00398,217.20398,227.50398,228.40398,255.30399,248.80399,247.50398,230.60397,223.00398,221.60397,220.40398,218.90398,218.00398,218.20398,218.70398,219.00398,219.40398,219.30399,217.80399,216.60397,215.40398,213.10397,212.30399,213.40398,213.10397,214.60397,213.10397,213.10397,213.60397,213.40398,221.80399,214.50398,213.70398,213.00398,212.80399,199.00398,195.70398,195.50398,195.20398,195.00398,209.50398,208.80399,208.80399,208.40398,208.80399,208.80399,208.20398,208.50398,209.60397,212.10397,198.10397,198.40398,200.90398,201.90398,203.30399,203.00398,203.90398,213.10397
238.40398,258.60397,258.10397,257.10397,233.90398,232.70398,238.70398,243.70398,245.80399,245.80399,217.70398,218.60397,219.90398,218.00398,216.90398,216.30399,216.50398,216.60397,216.50398,217.20398,216.80399,213.70398,211.70398,211.10397,212.80399,213.10397,212.20398,215.80399,221.60397,212.50398,214.30399,213.70398,220.80399,222.60397,196.20398,195.90398,195.70398,195.50398,195.30399,194.90398,194.60397,194.40398,209.20398,208.30399,208.60397,209.20398,208.00398,206.70398,211.20398,204.00398,209.70398,199.40398,198.00398,197.70398,199.80399,201.60397,205.40398,211.30399,214.80399,210.90398
254.80399,254.60397,254.40398,252.40398,240.30399,255.60397,253.90398,227.10397,227.10397,228.00398,228.90398,226.90398,219.50398,223.40398,223.90398,224.90398,208.70398,208.60397,208.00398,236.00398,212.00398,212.90398,215.30399,215.90398,213.10397,212.00398,211.70398,211.70398,196.80399,218.30399,196.40398,196.00398,196.00398,197.10397,195.80399,195.60397,195.40398,195.20398,195.00398,194.70398,194.40398,194.30399,194.80399,209.80399,210.00398,209.80399,209.10397,204.40398,203.60397,202.20398,200.60397,200.10397,197.80399,197.80399,199.30399,201.10397,206.50398,219.60397,222.30399,218.00398
246.50398,245.30399,236.80399,236.30399,236.00398,235.20398,237.20398,256.60397,229.80399,230.20398,224.10397,207.80399,228.90398,223.10397,218.30399,217.30399,218.40398,207.80399,211.50398,211.70398,212.60397,214.70398,212.60397,211.50398,209.80399,208.10397,199.90398,196.70398,196.60397,196.50398,196.20398,197.20398,198.60397,198.00398,195.60397,195.30399,195.10397,195.20398,195.30399,194.90398,194.60397,207.10397,210.60397,210.50398,210.90398,210.10397,209.50398,200.70398,200.50398,199.30399,199.40398,198.00398,197.70398,198.30399,199.50398,201.10397,229.80399,219.90398,220.50398,200.60397
246.10397,245.10397,240.50398,236.40398,235.90398,236.90398,237.30399,236.40398,236.00398,253.40398,206.40398,206.30399,218.70398,217.20398,216.00398,207.30399,210.10397,210.30399,209.10397,212.10397,219.50398,222.10397,222.60397,223.40398,224.80399,198.80399,196.50398,196.50398,196.50398,198.00398,198.20398,199.60397,199.80399,197.40398,195.60397,195.40398,195.40398,195.40398,195.50398,195.20398,195.00398,212.80399,212.70398,212.90398,215.60397,196.70398,202.10397,201.60397,201.30399,199.60397,199.00398,197.70398,197.10397,199.50398,200.40398,201.40398,205.30399,217.40398,218.60397,199.20398
246.60397,247.00398,245.80399,244.90398,245.20398,245.30399,244.70398,243.30399,242.30399,242.60397,251.10397,255.30399,205.60397,204.60397,203.20398,202.40398,202.30399,213.10397,204.20398,215.50398,218.50398,221.30399,222.20398,222.50398,222.90398,221.90398,219.80399,218.90398,198.60397,199.10397,200.90398,200.30399,220.30399,197.30399,195.70398,195.60397,219.60397,221.90398,195.50398,216.30399,195.50398,213.50398,212.20398,195.70398,196.00398,196.20398,200.90398,201.30399,200.90398,199.30399,199.10397,197.40398,195.80399,199.60397,200.90398,202.10397,206.40398,215.40398,201.10397,199.90398
245.10397,249.80399,250.70398,247.40398,246.40398,245.90398,245.40398,245.10397,243.60397,242.80399,243.40398,247.50398,215.70398,197.00398,200.50398,201.60397,201.50398,216.30399,217.80399,219.30399,221.40398,222.40398,223.30399,223.40398,224.70398,197.50398,197.80399,199.20398,200.40398,201.60397,201.60397,200.50398,198.70398,197.80399,197.40398,197.00398,195.30399,202.40398,216.00398,214.90398,213.70398,213.60397,213.00398,212.10397,195.60397,195.90398,202.60397,201.40398,200.40398,199.40398,198.60397,198.30399,196.70398,194.60397,194.10397,193.90398,226.50398,219.10397,206.60397,263.404
