target/myProject/json/ex1.json
{"header": { "discipline":0, "disciplineName":"Meteorological products", "gribEdition":2, "gribLength":106064, "center":7, "centerName":"US National Weather Service - NCEP(WMC)", "subcenter":0, "refTime":"2018-08-15T00:00:00.000Z", "significanceOfRT":1, "significanceOfRTName":"Start of forecast", "productStatus":0, "productStatusName":"Operational products", "productType":1, "productTypeName":"Forecast products", "productDefinitionTemplate":0, "productDefinitionTemplateName":"Analysis/forecast at horizontal level/layer at a point in time", "parameterCategory":2, "parameterCategoryName":"Momentum", "parameterNumber":3, "parameterNumberName":"V-component_of_wind", "parameterUnit":"m.s-1", "genProcessType":2, "genProcessTypeName":"Forecast", "forecastTime":0, "surface1Type":103, "surface1TypeName":"Specified height level above ground", "surface1Value":10.0, "surface2Type":255, "surface2TypeName":"Missing", "surface2Value":0.0, "gridDefinitionTemplate":0, "gridDefinitionTemplateName":"Latitude_Longitude", "numberPoints":65160, "shape":6, "shapeName":"Earth spherical with radius of 6,371,229.0 m", "gridUnits":"degrees", "resolution":48, "winds":"true", "scanMode":64, "nx":360, "ny":181, "basicAngle":0, "lo1":0.0, "la1":0.0, "lo2":180.0, "la2":90.0, "dx":1.0, "dy":1.0 }, "data":
[rows 0 to 25 of 181, columns 59 to 117 of 360]
-3.4044483,-3.4044483,-3.3944483,-3.3944483,-3.3944483,-3.3844483,-3.3744483,-3.3744483,-3.3644483,-3.3544483,-3.3444483,-3.3344483,-3.3144484,-3.3044481,-3.2844481,-3.2744482,-3.2544482,-3.2344482,-3.2244482,-3.2044482,-3.1844482,-3.1544483,-3.1344483,-3.1144483,-3.0844483,-3.0644484,-3.0344481,-3.0144482,-2.9844482,-2.9544482,-2.9244483,-2.8944483,-2.8644483,-2.8244483,-2.7944481,-2.7644482,-2.7244482,-2.6844482,-2.6544483,-2.6144483,-2.5744483,-2.5344481,-2.4944482,-2.4544482,-2.4144483,-2.3744483,-2.3344483,-2.2844481,-2.2444482,-2.1944482,-2.1544483,-2.1044483,-2.0544481,-2.0144482,-1.9644482,-1.9144483,-1.8644482,-1.8144482,-1.7644483
-5.034448,-4.974448,-4.904448,-4.8344483,-4.764448,-4.674448,-4.574448,-4.4844484,-4.384448,-4.2744484,-4.174448,-4.054448,-3.9444482,-3.8344483,-3.7144482,-3.6044483,-3.4844482,-3.3744483,-3.2644482,-3.1544483,-3.0444481,-2.9344482,-2.8344483,-2.7344482,-2.6344483,-2.5444481,-2.4344482,-2.3444483,-2.2544482,-2.1644483,-2.0744483,-1.9844482,-1.9044483,-1.8144482,-1.7244482,-1.6444483,-1.5544482,-1.4744482,-1.3944483,-1.3044482,-1.2144482,-1.1344483,-1.0344483,-0.9544482,-0.86444825,-0.7744482,-0.68444824,-0.59444827,-0.5144482,-0.42444825,-0.33444825,-0.24444824,-0.15444824,-0.064448245,0.015551758,0.10555176,0.18555176,0.26555175,0.34555176
-4.1444483,-4.0644484,-3.9944482,-3.9144483,-3.8344483,-3.7444482,-3.6444483,-3.5544481,-3.4544482,-3.3444483,-3.2344482,-3.1244483,-3.0144482,-2.9044483,-2.7844481,-2.6644483,-2.5444481,-2.4244483,-2.3044481,-2.1744483,-2.0444481,-1.9144483,-1.7844483,-1.6444483,-1.5044483,-1.3644482,-1.2244482,-1.0744482,-0.92444825,-0.7644482,-0.60444826,-0.44444823,-0.28444824,-0.11444824,0.055551756,0.22555175,0.39555177,0.57555175,0.74555176,0.9155518,1.0955517,1.2755518,1.4455518,1.6255517,1.7955518,1.9655517,2.1355517,2.2955518,2.4655519,2.6255517,2.7855518,2.9355516,3.0855517,3.2355518,3.3755517,3.5055518,3.6455517,3.7655518,3.8855517
-3.9144483,-3.8044481,-3.7044482,-3.5844483,-3.4844482,-3.3644483,-3.2544482,-3.1344483,-3.0244482,-2.9044483,-2.7844481,-2.6644483,-2.5444481,-2.4144483,-2.2844481,-2.1544483,-2.0144482,-1.8844483,-1.7344482,-1.5844482,-1.4344482,-1.2844483,-1.1244483,-0.9644482,-0.79444826,-0.62444824,-0.45444825,-0.28444824,-0.104448244,0.075551756,0.26555175,0.45555174,0.64555174,0.83555174,1.0355518,1.2355517,1.4355518,1.6555518,1.8555517,2.0755517,2.2855518,2.4955518,2.6955519,2.9055517,3.1055517,3.2955518,3.4855518,3.6755517,3.8655517,4.045552,4.2055516,4.365552,4.5155516,4.6655517,4.8055515,4.945552,5.0855517,5.2255516,5.365552
-4.764448,-4.634448,-4.494448,-4.344448,-4.1844482,-4.014448,-3.8344483,-3.6544483,-3.4644482,-3.2744482,-3.0844483,-2.8844483,-2.6944482,-2.5044482,-2.3144484,-2.1144483,-1.9244483,-1.7344482,-1.5544482,-1.3644482,-1.1944482,-1.0144483,-0.84444827,-0.67444825,-0.50444824,-0.34444824,-0.16444825,0.015551758,0.20555176,0.41555175,0.62555176,0.8455517,1.0755517,1.3155518,1.5655518,1.8155518,2.0755517,2.3355517,2.5855517,2.8355517,3.0655518,3.2855518,3.4955518,3.6855516,3.8655517,4.025552,4.195552,4.3755517,4.5555515,4.7655516,4.985552,5.2455516,5.4755516,5.7055516,5.945552,6.175552,6.3955517,6.615552,6.795552
-4.8144484,-4.6444483,-4.4644485,-4.264448,-4.0644484,-3.8444483,-3.6244483,-3.4044483,-3.1844482,-2.9644482,-2.7544482,-2.5344481,-2.3044481,-2.0944483,-1.8644482,-1.6444483,-1.4244483,-1.2044482,-0.98444825,-0.7744482,-0.55444825,-0.33444825,-0.09444824,0.14555176,0.39555177,0.63555175,0.8555518,1.0555518,1.2255517,1.3855518,1.5355518,1.6855518,1.8355517,2.0155518,2.1955519,2.3855517,2.5855517,2.7855518,2.9855518,3.1855516,3.3755517,3.5655518,3.7455518,3.9255517,4.135552,4.345552,4.595552,4.8955517,5.215552,5.5355515,5.8555517,6.1655517,6.445552,6.7255516,6.985552,7.215552,7.425552,7.595552,7.7455516
-5.0844483,-4.9444485,-4.7944484,-4.6244483,-4.424448,-4.204448,-3.9644482,-3.7044482,-3.4244483,-3.1244483,-2.7944481,-2.4444482,-2.0544481,-1.6744483,-1.2744483,-0.8944482,-0.5144482,-0.17444824,0.14555176,0.43555176,0.69555175,0.93555176,1.1655518,1.3755517,1.5855517,1.7755518,1.9455518,2.1055517,2.2455518,2.3655517,2.4755518,2.6055517,2.7555518,2.9355516,3.1255517,3.3155518,3.4955518,3.6555517,3.7955518,3.9355516,4.045552,4.175552,4.3355517,4.525552,4.775552,5.135552,5.4755516,5.8055515,6.115552,6.3755517,6.655552,6.965552,7.2855515,7.595552,7.8555517,8.055552,8.215551,8.3455515,8.465551
-4.974448,-4.764448,-4.5244484,-4.2544484,-3.9444482,-3.5944483,-3.2044482,-2.8044481,-2.4344482,-2.0844483,-1.7844483,-1.5144483,-1.2344482,-0.93444824,-0.61444825,-0.27444825,0.075551756,0.43555176,0.77555174,1.1055517,1.4155518,1.7155517,1.9855517,2.2355518,2.4355516,2.6155517,2.7755518,2.9155517,3.0355518,3.1255517,3.1955519,3.2355518,3.2855518,3.3455517,3.4155517,3.4955518,3.5855517,3.6955519,3.8055518,3.9255517,4.025552,4.155552,4.2655516,4.3955517,4.4955516,4.6055517,4.7455516,4.865552,5.025552,5.275552,5.6855516,6.275552,6.945552,7.635552,8.235552,8.675551,8.915552,9.035552,9.085552
-2.9944482,-2.8344483,-2.7144482,-2.5944483,-2.4744482,-2.3244483,-2.1544483,-1.9644482,-1.7244482,-1.4344482,-1.0944482,-0.7044482,-0.30444825,0.10555176,0.47555175,0.83555174,1.1555518,1.4155518,1.6555518,1.8655517,2.0555518,2.2355518,2.3955517,2.5055518,2.5755517,2.6455517,2.7055519,2.7655518,2.8355517,2.9155517,3.0055518,3.1055517,3.1955519,3.2555518,3.3055518,3.3555517,3.4255517,3.5455518,3.6855516,3.8355517,3.9855518,4.1655517,4.345552,4.485552,4.5555515,4.595552,4.675552,4.8355517,5.025552,5.235552,5.345552,5.3055515,5.115552,4.8355517,4.615552,4.6255517,4.945552,5.4955516,6.1255517
-0.98444825,-0.86444825,-0.75444824,-0.67444825,-0.61444825,-0.53444827,-0.39444825,-0.21444824,-0.054448243,0.08555176,0.20555176,0.32555175,0.48555174,0.69555175,0.9255518,1.1555518,1.3655517,1.6155517,1.9055518,2.2155519,2.4855518,2.6955519,2.8655517,3.0555518,3.2555518,3.4655519,3.6655517,3.8255517,3.9255517,3.9755518,3.9755518,3.9655519,3.9355516,3.9155517,3.9055517,3.9255517,3.9455519,3.9755518,4.025552,4.0555515,4.0655518,4.045552,4.0855517,4.2055516,4.425552,4.6655517,4.8755517,5.0355515,5.155552,5.1855516,5.2255516,5.275552,5.3055515,5.3055515,5.2455516,5.2655516,5.465552,5.8055515,6.1655517
1.8455517,1.8655517,1.8655517,1.8355517,1.7855518,1.7555518,1.7755518,1.8255517,1.8455517,1.8355517,1.8055518,1.8155518,1.8555517,1.8955518,1.9255518,2.0255518,2.2855518,2.7155519,3.2055519,3.6155517,3.9055517,4.115552,4.3355517,4.5155516,4.6455517,4.675552,4.595552,4.4555516,4.275552,4.1055517,3.9455519,3.8155518,3.7055519,3.6355517,3.6055517,3.5755517,3.5355518,3.5555518,3.6655517,3.8655517,4.075552,4.215552,4.3155518,4.4155517,4.545552,4.675552,4.715552,4.675552,4.6455517,4.655552,4.7055516,4.795552,4.9555516,5.1655517,5.3355517,5.465552,5.6655517,5.865552,5.9955516
3.8255517,3.7655518,3.7155519,3.6555517,3.5755517,3.4855518,3.4455519,3.4955518,3.6155517,3.8255517,4.095552,4.215552,4.0855517,3.9555519,3.9955518,4.135552,4.215552,4.325552,4.7255516,5.2855515,5.715552,5.735552,5.425552,5.025552,4.695552,4.3555517,4.0155516,3.6955519,3.4855518,3.3555517,3.2355518,3.1155517,3.0655518,3.1155517,3.2355518,3.4155517,3.6355517,3.8355517,3.9955518,4.155552,4.275552,4.3155518,4.345552,4.425552,4.545552,4.615552,4.6455517,4.635552,4.635552,4.655552,4.7655516,4.925552,5.075552,5.1655517,5.195552,5.215552,5.2455516,5.2455516,5.215552
6.005552,5.8755517,5.6855516,5.5855517,5.615552,5.735552,5.825552,5.7255516,5.445552,5.1455517,5.045552,5.195552,5.405552,5.425552,5.2055516,5.095552,5.445552,5.985552,5.9755516,5.3055515,4.5655518,4.0855517,3.6655517,3.1555517,2.7055519,2.4155517,2.2255518,2.1055517,2.0055518,1.7855518,1.5255518,1.4555517,1.6055517,1.6955518,1.7955518,2.1255517,2.5955517,3.0755517,3.5455518,4.005552,4.3555517,4.575552,4.695552,4.8155518,4.9155517,4.9555516,4.9355516,4.9555516,5.0855517,5.2255516,5.3055515,5.3355517,5.3755517,5.385552,5.365552,5.3155518,5.275552,5.255552,5.275552
6.965552,7.115552,7.755552,8.195552,8.285552,8.295551,8.435552,8.655552,8.945552,9.255551,9.465551,9.365552,8.765552,7.8955517,7.1455517,6.505552,5.635552,4.485552,3.2755518,2.0555518,1.0255518,0.37555176,0.04555176,-0.024448242,0.035551757,0.08555176,0.115551755,0.18555176,0.37555176,0.58555174,0.7855518,0.87555176,0.7355518,0.75555176,1.1755518,1.8455517,2.5855517,3.2255518,3.7255518,4.0655518,4.275552,4.4955516,4.7655516,5.005552,5.0355515,4.885552,4.7055516,4.715552,4.9355516,5.115552,5.195552,5.2255516,5.2255516,5.195552,5.1455517,5.075552,5.0155516,4.9155517,4.8155518
10.805552,11.335552,10.975552,10.215551,9.855552,10.105552,10.605552,10.825552,10.765552,10.3455515,9.455552,8.305552,7.135552,6.0855517,4.965552,3.4755518,1.7855518,0.31555176,-0.86444825,-1.6544483,-1.9344482,-1.8044482,-1.5744482,-1.3744483,-1.2244482,-1.1344483,-0.9544482,-0.5844482,-0.26444826,-0.16444825,-0.104448244,0.09555176,0.5455518,1.1055517,1.6655518,2.3955517,3.3555517,4.175552,4.6455517,4.965552,5.3155518,5.615552,5.5855517,5.345552,5.235552,5.2455516,5.3155518,5.385552,5.465552,5.485552,5.3955517,5.3355517,5.1455517,5.005552,4.8955517,4.7655516,4.655552,4.5555515,4.465552
12.055552,11.985552,11.835552,11.605552,12.105552,13.165552,13.165552,11.935552,10.315552,8.515552,6.9355516,5.635552,4.2055516,2.5055518,0.7255518,-1.0044483,-2.1644483,-2.3344483,-2.1944482,-2.0344481,-1.9644482,-2.1044483,-2.1344483,-2.1544483,-2.2044482,-1.8544482,-1.3144482,-0.98444825,-0.62444824,-0.20444824,0.12555176,0.44555175,0.93555176,1.7355517,2.7555518,3.7755518,4.5855517,5.075552,5.4355516,5.775552,6.045552,6.255552,6.505552,6.715552,6.775552,6.865552,7.0155516,7.1655517,7.1855516,7.0655518,6.885552,6.6255517,6.3055515,5.9755516,5.6855516,5.4155517,5.115552,4.8055515,4.505552
10.135551,11.5955515,12.545551,13.395552,13.725552,13.545551,12.715551,10.545551,8.165552,5.505552,2.0355518,-0.14444824,-1.3544482,-2.2844481,-3.0144482,-3.4544482,-3.7144482,-3.7344482,-3.2744482,-2.8644483,-2.5644484,-2.3544483,-2.2344482,-2.1044483,-1.6644483,-0.98444825,-0.46444824,-0.104448244,0.26555175,0.65555173,1.0755517,1.6255517,2.3355517,3.1555517,4.0555515,4.885552,5.5555515,6.1255517,6.6255517,7.0855517,7.525552,7.965552,8.315552,8.525552,8.715551,8.785552,8.665552,8.525552,8.3455515,8.165552,7.945552,7.6455517,7.325552,6.8355517,6.235552,5.6655517,5.155552,4.7855515,4.4955516
8.365552,9.015552,9.775552,10.335552,9.795551,8.405552,9.395552,10.3455515,3.6255517,-0.7144482,3.1755517,2.0255518,-1.2344482,-2.2944481,-3.3744483,-3.8544483,-4.0244484,-3.6444483,-2.6344483,-2.0644484,-1.9344482,-1.8144482,-1.5944482,-1.0644482,-0.60444826,-0.26444826,0.10555176,0.46555176,1.0055518,1.7555518,2.5655518,3.3955517,4.215552,5.0655518,5.8755517,6.525552,7.115552,7.795552,8.385551,8.815552,9.145552,9.375552,9.475552,9.635551,9.755551,9.5955515,9.395552,9.265552,8.955552,8.445552,8.145552,7.8155518,7.255552,6.695552,6.215552,5.885552,5.6655517,5.575552,5.595552
9.255551,9.055552,9.015552,9.335552,9.735552,10.295551,10.035552,9.105552,8.705552,8.155552,3.9355516,-0.5744482,-1.8144482,-2.6244483,-3.1844482,-3.5044482,-3.5044482,-2.9444482,-2.7044482,-2.5044482,-2.2144482,-1.8544482,-1.3844483,-0.6544483,0.075551756,0.47555175,0.81555176,1.5755517,2.5555518,3.2955518,3.9155517,4.505552,5.385552,6.655552,7.5855517,8.015552,8.585552,9.325552,9.855552,10.295551,10.645552,10.875552,11.015552,10.965551,10.705552,10.365552,9.935552,9.365552,9.105552,8.955552,8.395552,7.845552,7.325552,6.9555516,6.8755517,6.8155518,6.635552,6.425552,6.3355517
7.885552,7.8755517,7.8355517,7.5555515,8.195552,10.205552,10.905552,9.665552,7.635552,7.8155518,7.155552,4.755552,1.1055517,-2.5544481,-3.9544482,-4.9444485,-4.7744484,-3.6644483,-2.2144482,-1.4144483,-1.3444482,-0.75444824,0.36555177,1.2655518,1.8455517,2.4255517,3.1055517,3.6755517,4.2655516,4.9155517,5.345552,5.5355515,5.925552,6.365552,7.2255516,8.625552,9.705552,10.325552,10.815552,11.325552,11.955552,12.225552,12.125552,11.975552,11.785552,11.585552,11.5955515,11.475552,11.005551,10.555552,10.005551,9.145552,8.435552,8.315552,8.675551,8.735552,8.305552,7.8955517,7.525552
10.935552,11.325552,11.485552,11.935552,12.175551,10.795551,9.125552,7.4955516,3.3855517,0.27555177,4.3755517,5.655552,4.825552,2.2155519,0.76555175,3.0355518,4.695552,2.9455519,0.76555175,0.52555174,1.1755518,1.7555518,1.6955518,1.9255518,2.6655517,3.6655517,4.325552,4.735552,5.1255517,5.445552,5.795552,6.345552,6.885552,7.8755517,8.735552,9.585552,10.405552,10.445552,10.555552,11.515552,12.355552,12.525552,12.435552,12.035552,11.755551,11.865552,12.375552,13.055552,13.265552,12.335552,11.725552,11.375552,11.075552,10.905552,10.485552,9.585552,8.715551,8.3455515,8.105552
8.875552,9.245552,10.005551,10.755551,11.585552,12.485552,13.275552,12.835552,11.5955515,11.015552,9.385551,8.755551,7.385552,4.595552,3.1655517,2.6655517,1.8655517,1.5955517,1.4855517,1.0355518,0.5355518,0.12555176,1.0855517,3.1555517,4.195552,4.775552,4.385552,4.045552,5.0855517,5.8155518,6.1655517,6.525552,7.1255517,8.515552,10.0955515,11.085552,11.815552,12.495552,12.8455515,13.225552,13.765552,13.125552,11.935552,11.155552,10.495552,10.195552,10.575552,12.065552,12.735552,12.365552,12.055552,12.065552,12.105552,11.645552,10.495552,9.775552,9.245552,8.525552,7.795552
8.905552,9.785552,11.465551,13.615552,15.325552,15.945552,17.235552,18.075552,18.44555,18.925552,18.715551,16.075552,7.425552,3.2655518,1.1355518,-0.92444825,-2.8444483,-4.8744483,-6.634448,-7.514448,-5.634448,-0.84444827,3.2555518,4.575552,3.8455517,3.1355517,3.6955519,5.025552,5.005552,4.5155516,5.075552,5.255552,6.135552,7.7055516,9.415552,10.545551,11.305552,13.115552,15.495552,13.855552,14.975552,14.605552,11.355552,11.115552,11.535552,12.195552,12.745552,13.445552,14.355552,14.115552,13.945552,14.225552,13.565552,12.415552,10.825552,9.3455515,8.585552,7.485552,7.0355515
2.5555518,2.6855516,3.5855517,4.215552,5.1655517,6.4355516,7.525552,8.715551,9.715551,10.115552,8.885551,5.9355516,3.3455517,1.1755518,-0.68444824,-2.2644482,-3.4344482,-3.9544482,-4.264448,-4.614448,-4.724448,-4.3344483,-4.0444484,-3.1044483,-2.4444482,-1.2944483,0.77555174,0.49555176,0.74555176,1.3855518,1.3755517,3.9355516,5.8955517,7.655552,9.445552,8.825552,9.915552,13.935552,15.505551,18.325552,14.675551,9.625552,12.175551,9.695552,9.425551,11.285552,12.205552,12.765552,14.285552,13.465551,11.935552,9.795551,7.295552,1.9555517,1.3255517,1.8155518,2.7355518,2.7455518,3.2055519
4.4755516,4.5355515,4.925552,5.615552,6.425552,7.3355517,7.7655516,7.4755516,6.4355516,4.845552,2.8855517,1.0155518,-0.68444824,-1.8844483,-2.7244482,-3.3044481,-3.4344482,-3.0444481,-3.2644482,-2.9344482,-2.9444482,-3.1944482,-3.3144484,-3.1544483,-3.0144482,-2.6544483,-2.3044481,-1.6444483,-1.0144483,-0.56444824,-0.54444826,-0.27444825,-0.32444823,-0.66444826,-0.99444824,-1.5044483,-1.7444482,-1.5444483,0.9155518,3.2555518,2.9055517,0.08555176,-0.92444825,1.2055517,3.1955519,1.4555517,0.75555176,4.6455517,6.4155517,6.0155516,2.6555517,-1.6744483,1.4155518,3.1255517,5.3355517,4.9155517,4.0155516,3.9255517,2.8555517
4.885552,4.8955517,5.2455516,5.6055517,5.9155517,5.365552,2.9255517,-0.8344482,-3.6944482,-4.704448,-4.904448,-4.9644485,-5.154448,-5.0644484,-4.674448,-4.2344484,-3.8444483,-3.6844482,-3.6944482,-3.9844482,-3.8644483,-3.5544481,-2.1344483,-1.7144482,-1.6844482,-1.9944482,-2.2444482,-2.0444481,-1.7544483,-1.5144483,-1.1544483,-0.72444826,-0.25444824,0.115551755,0.42555177,0.28555176,-0.09444824,-1.3544482,-0.86444825,-0.87444824,-1.5444483,-1.0044483,1.1655518,3.1755517,4.0655518,4.865552,5.155552,4.8355517,2.9855518,0.035551757,-0.9644482,0.12555176,1.5855517,1.9755517,2.2555518,2.3955517,2.4955518,2.6555517,2.6255517
