target/myProject/json/ex1.json
{"header": { "discipline":0, "disciplineName":"Meteorological products", "gribEdition":2, "gribLength":106064, "center":7, "centerName":"US National Weather Service - NCEP(WMC)", "subcenter":0, "refTime":"2018-08-15T00:00:00.000Z", "significanceOfRT":1, "significanceOfRTName":"Start of forecast", "productStatus":0, "productStatusName":"Operational products", "productType":1, "productTypeName":"Forecast products", "productDefinitionTemplate":0, "productDefinitionTemplateName":"Analysis/forecast at horizontal level/layer at a point in time", "parameterCategory":2, "parameterCategoryName":"Momentum", "parameterNumber":2, "parameterNumberName":"U-component_of_wind", "parameterUnit":"m.s-1", "genProcessType":2, "genProcessTypeName":"Forecast", "forecastTime":0, "surface1Type":103, "surface1TypeName":"Specified height level above ground", "surface1Value":10.0, "surface2Type":255, "surface2TypeName":"Missing", "surface2Value":0.0, "gridDefinitionTemplate":0, "gridDefinitionTemplateName":"Latitude_Longitude", "numberPoints":65160, "shape":6, "shapeName":"Earth spherical with radius of 6,371,229.0 m", "gridUnits":"degrees", "resolution":48, "winds":"true", "scanMode":64, "nx":360, "ny":181, "basicAngle":0, "lo1":0.0, "la1":0.0, "lo2":180.0, "la2":90.0, "dx":1.0, "dy":1.0 }, "data":
[rows 78 to 103 of 181, columns 285 to 341 of 360]
-1.6246485,0.04535156,0.7753516,1.0353515,0.22535156,0.7053516,-0.25464845,-0.47464845,0.35535157,-0.70464844,-0.56464845,0.9053516,-0.87464845,0.9553516,-1.0546484,-1.2846484,0.61535156,0.5353516,-0.7246484,-0.58464843,-1.3346485,-0.29464844,-0.94464844,-0.5946484,1.1353515,-1.7846484,-1.3846484,1.3453516,-0.024648437,-0.0146484375,-1.1546484,0.76535153,-3.3746483,-2.8346484,-2.8246484,-2.7046485,-2.1846485,-0.89464843,-5.2746487,-5.3346486,-5.1646485,-4.8846483,-4.8546486,-5.0246487,-5.3846483,-5.5846486,-5.8546486,-6.5746484,-6.9946485,-7.8346486,-7.4146485,-7.4546485,-7.6046486,-8.084648,-7.9146485,-7.8646483,-7.8046484
0.69535154,0.33535156,0.82535154,0.48535156,0.7253516,-0.08464844,-0.26464844,-0.7146484,-0.25464845,0.115351565,-0.094648436,-0.55464846,-0.30464843,-0.43464842,-0.33464843,-0.41464844,0.06535156,0.62535155,0.49535155,-0.5346484,-0.9046484,-0.44464844,-0.7846484,-0.70464844,-0.8446484,-0.30464843,-3.3946486,0.5953516,-3.3046484,2.7953515,-0.26464844,-0.9146484,-4.2646484,-7.8146486,-4.004648,-3.9946485,-3.1346483,-2.8046484,-4.0146484,-5.9246483,-5.5546484,-5.5146484,-5.6246486,-5.8546486,-6.0546484,-6.1246486,-5.984648,-6.8746486,-7.5246487,-7.3446484,-7.5646486,-7.5446486,-7.6746483,-8.004648,-8.104649,-8.004648,-8.044648
0.015351563,0.63535154,0.54535156,1.0353515,-0.11464844,0.075351566,-0.36464843,-0.69464844,-0.46464843,0.22535156,0.015351563,-0.0046484377,-0.67464846,-0.5246484,0.7753516,-1.4746485,0.9553516,-0.25464845,0.17535156,0.33535156,-1.3846484,-0.33464843,-0.40464842,-0.55464846,0.56535155,-0.9746484,0.43535155,-1.1446484,-0.9146484,-0.69464844,-0.99464846,-0.83464843,-1.3546485,-2.9746485,-3.3446484,-4.1146483,-5.0646486,-3.6146483,-3.0546484,-4.3346486,-5.754648,-5.9246483,-6.3846483,-6.5146484,-6.4446483,-6.0846486,-6.4146485,-7.1546483,-7.5346484,-7.4446483,-7.6846485,-7.5746484,-7.5446486,-7.7246485,-8.194649,-8.404649,-8.314649
-0.76464844,-0.14464843,0.38535157,0.42535156,0.17535156,-0.19464844,-0.29464844,-0.16464844,-0.20464844,0.43535155,-0.63464844,-0.28464845,0.69535154,0.36535156,0.43535155,-0.024648437,0.20535156,-0.44464844,-0.094648436,-0.48464844,-0.33464843,0.06535156,-1.2146485,0.66535157,0.5353516,0.42535156,-1.0646484,-2.3046484,-0.9046484,-1.9246484,-0.39464843,-0.99464846,-2.1846485,-2.9046485,-4.2046485,-5.5946484,-8.034649,-4.1746483,-4.9346485,-1.7746484,-5.4546485,-6.2146482,-6.8046484,-6.4646482,-6.1946483,-6.2246485,-6.5646486,-7.1746483,-7.3446484,-7.6646485,-7.734648,-7.6546483,-7.504648,-7.8346486,-8.274649,-8.404649,-8.264648
-0.9746484,-0.28464845,-0.34464845,0.5353516,0.30535156,0.115351565,-0.89464843,0.025351562,-0.74464846,-0.24464844,-0.5346484,-0.75464845,0.55535156,0.57535154,-1.1246485,0.23535156,-0.32464844,-0.48464844,-1.4646485,-0.14464843,-0.30464843,-0.14464843,0.6453516,0.31535158,-0.46464843,0.47535157,-0.81464845,-1.3446485,-0.40464842,0.36535156,-0.9746484,-0.47464845,-0.86464846,-2.1646485,-2.0746484,-1.7646484,-4.9246483,-4.6946483,-5.1546483,-1.7746484,-1.7646484,-6.1346483,-6.254648,-6.5746484,-6.3346486,-6.7646484,-6.7146482,-7.2046485,-7.4246483,-7.5246487,-7.5146484,-7.2746487,-7.4646482,-7.9246483,-8.124648,-8.814649,-8.734649
-0.81464845,-0.70464844,-0.15464844,0.28535157,0.04535156,-0.37464845,-0.11464844,0.085351564,0.19535156,-0.024648437,-0.58464843,-0.13464844,-0.5346484,-0.88464844,-0.69464844,-0.5246484,-0.7146484,-0.51464844,-1.0846485,-0.69464844,-0.9046484,0.18535157,0.56535155,0.79535156,-0.80464846,-1.1846484,-0.14464843,-0.88464844,-1.5046484,-0.5346484,-0.21464844,-0.5246484,-0.28464845,-0.88464844,-1.9746485,-1.1646484,-0.46464843,-4.484648,-9.064649,-3.8546484,-2.1146483,-6.1846485,-6.4346485,-6.3046484,-6.4446483,-6.7646484,-6.9946485,-7.1146483,-7.1546483,-7.2246485,-7.234648,-7.3646483,-7.2446485,-7.5746484,-8.234649,-8.194649,-8.544648
-0.49464843,-0.23464844,-0.67464846,0.18535157,0.44535157,-1.1046485,-0.29464844,0.10535156,0.86535156,-0.17464843,-0.0046484377,-0.9146484,-0.58464843,-1.1146485,-0.51464844,-0.10464844,-0.15464844,-1.1746484,-0.45464844,-0.50464845,0.67535156,-0.8546484,-0.094648436,-1.0146484,0.075351566,-0.19464844,-0.6546484,-0.7946484,-1.4546485,-0.45464844,0.57535154,0.81535155,-0.064648435,-0.43464842,-2.8546484,-2.1646485,-2.5546484,-1.7146485,-9.124648,-2.0046484,-5.1146483,-6.754648,-6.234648,-6.504648,-6.6746483,-6.9646482,-6.9546485,-6.8446484,-6.8446484,-7.1046486,-7.3546486,-7.6346483,-6.8846483,-6.7946486,-7.6746483,-7.9446483,-8.034649
-0.7146484,-0.32464844,-0.63464844,0.31535158,0.035351563,-0.33464843,-0.17464843,0.15535156,0.44535157,-0.29464844,-0.73464847,-0.95464844,-0.8546484,-1.1346484,-0.5446484,-0.34464845,-0.86464846,-1.4546485,-0.98464847,-0.44464844,0.5353516,-0.7146484,-0.5946484,-0.5446484,-1.0746484,-0.21464844,-0.7146484,-1.6046485,-1.3446485,0.43535155,0.6553516,0.5953516,1.2953515,-1.1446484,-2.3846483,-2.1046484,-2.9846485,-3.4846485,-8.164648,-6.6946483,-7.3746486,-6.4246483,-6.2746487,-6.6946483,-6.7646484,-6.484648,-6.5346484,-6.1346483,-6.4646482,-7.6546483,-7.9946485,-7.5346484,-6.7146482,-6.4946485,-6.6346483,-7.7946486,-8.164648
-0.49464843,-0.68464845,0.17535156,-0.034648437,-0.64464843,-0.094648436,0.075351566,0.60535157,-0.7946484,-0.07464844,-0.70464844,-0.89464843,-1.0346484,-0.94464844,-0.83464843,-0.46464843,-0.88464844,-0.8446484,-0.86464846,0.115351565,-0.7246484,-1.1246485,-0.62464845,-0.49464843,-1.0346484,-0.034648437,-0.99464846,-1.1046485,-1.4546485,0.12535156,0.14535156,-0.024648437,0.17535156,0.7253516,-3.0146484,-3.6646485,-2.8946486,-9.724648,-11.104649,-8.4346485,-7.3246484,-6.484648,-6.5446486,-6.6146483,-6.4546485,-5.7046485,-5.6846485,-6.2446485,-6.8346486,-7.1446486,-7.5946484,-7.7146482,-6.9746485,-6.0246487,-5.6846485,-7.1046486,-7.5646486
-0.76464844,-0.57464844,0.20535156,-0.20464844,-0.07464844,0.16535157,-0.86464846,0.7753516,-0.37464845,-0.9146484,-0.75464845,-0.44464844,-1.2846484,0.055351563,-0.70464844,-0.62464845,-0.64464843,-0.87464845,-1.4146484,-0.67464846,0.055351563,-1.1646484,-0.5446484,-0.42464843,-0.70464844,-0.5446484,-1.3446485,-0.69464844,-1.5546484,-0.74464846,-0.39464843,-0.73464847,-1.0746484,-3.2946484,-5.254648,-5.8646483,-9.754648,-10.234649,-9.654649,-7.9046483,-7.1446486,-6.3046484,-6.5546484,-6.5646486,-5.6546483,-5.0646486,-5.3546486,-6.4446483,-6.984648,-6.7446485,-6.6446486,-6.5846486,-6.5446486,-5.5246487,-5.0846486,-5.9646482,-6.8446484
-0.48464844,-0.054648437,-0.75464845,0.18535157,0.29535156,0.055351563,0.23535156,-0.76464844,-0.51464844,-1.3446485,-0.92464846,-0.33464843,0.21535157,0.16535157,0.15535156,-0.034648437,-0.7846484,-1.1446484,-1.2246485,-1.4246484,-1.8146484,-1.8746485,-0.6646484,-0.99464846,-1.1546484,-1.2446485,-0.86464846,-1.0746484,-1.4246484,-1.2446485,-0.5246484,-6.3646483,-8.364649,-9.804648,-10.584648,-9.944649,-9.704648,-9.314649,-8.614649,-8.084648,-7.1446486,-6.8246484,-6.7446485,-6.1646485,-5.2246485,-5.0946484,-5.9646482,-7.004648,-6.8846483,-5.8746486,-5.9146485,-5.734648,-5.5446486,-4.9546485,-5.3546486,-6.5946484,-6.3846483
-0.39464843,-0.25464845,-0.6546484,0.16535157,0.27535155,0.27535155,-0.064648435,-0.26464844,-0.88464844,-1.3446485,-0.9746484,-0.86464846,0.32535157,0.56535155,0.5953516,-0.56464845,-0.40464842,-1.1046485,-0.83464843,-0.99464846,-0.6546484,-1.0046484,-0.94464844,-0.68464845,-1.2146485,-1.4446484,-1.5246484,-1.3846484,-1.2546484,-6.6546483,-6.7246485,-6.7946486,-7.984648,-8.834648,-9.354649,-8.814649,-9.084648,-8.844648,-8.114649,-7.9146485,-7.8246484,-7.2646484,-6.5946484,-5.9746485,-5.3246484,-5.4946485,-6.254648,-6.4346485,-5.9046483,-5.6546483,-5.4446483,-5.2646484,-4.734648,-4.5146484,-5.6146483,-5.5646486,-5.4746485
0.015351563,-0.7946484,-0.7246484,0.25535157,0.7153516,-0.10464844,-0.37464845,-0.50464845,-0.054648437,-1.3046484,-1.0446484,-0.83464843,0.055351563,0.7153516,0.93535155,-0.93464845,-0.9146484,-1.2146485,-0.6546484,-0.94464844,-1.1246485,-0.56464845,-0.98464847,-1.1446484,-4.7246485,-2.6946485,-6.0146484,-6.5646486,-6.6146483,-6.5546484,-6.4046483,-6.7946486,-7.2146482,-7.6546483,-7.6646485,-7.9946485,-8.394649,-8.524649,-8.004648,-8.114649,-7.9546485,-7.1146483,-6.5846486,-6.0146484,-5.8146486,-5.4346485,-5.3046484,-5.5446486,-5.7946486,-5.5646486,-5.2746487,-4.984648,-4.9546485,-4.7246485,-5.5746484,-5.8846483,-5.9646482
-0.41464844,-0.99464846,-0.51464844,0.86535156,-0.024648437,-0.14464843,-0.67464846,-0.5946484,-0.24464844,-0.5246484,-0.9646484,-0.6646484,0.12535156,0.18535157,0.7253516,0.0053515625,-1.1246485,-1.0346484,-0.81464845,-0.94464844,-0.94464844,-0.8446484,-0.9046484,-1.6046485,-1.9646485,-2.8846483,-5.5346484,-5.9746485,-5.9446483,-5.8646483,-5.8246484,-5.9546485,-6.4546485,-7.0646486,-6.8946486,-7.0346484,-7.8346486,-7.9746485,-7.4346485,-7.5346484,-7.504648,-6.7046485,-6.2446485,-5.6246486,-5.8746486,-5.484648,-5.2446485,-5.0546484,-5.2146482,-5.1046486,-4.7846484,-4.4646482,-4.4646482,-5.0546484,-5.7446485,-5.7246485,-5.9346485
1.5453515,-0.27464843,-0.40464842,0.24535157,0.33535156,0.13535157,0.43535155,-0.70464844,-0.22464843,0.43535155,0.18535157,-1.1546484,-0.99464846,-0.41464844,0.025351562,-0.064648435,-0.7846484,-0.7846484,-0.57464844,-1.7246485,-0.68464845,-0.5446484,-0.73464847,-2.0246484,-1.2146485,-4.8446484,-4.9446483,-5.1046486,-5.1846485,-5.0246487,-5.2846484,-5.4146485,-5.5546484,-6.0846486,-6.254648,-6.5446486,-6.8546486,-6.9946485,-6.984648,-6.984648,-6.7846484,-6.1746483,-5.9046483,-5.4946485,-5.6746483,-5.3846483,-4.9446483,-4.7446485,-4.7746487,-4.5346484,-4.0146484,-3.2046485,-3.6946485,-5.1246486,-5.6746483,-5.3546486,-5.3746486
-1.9346484,-0.44464844,-2.8446484,-0.68464845,0.17535156,0.50535154,0.68535155,0.9553516,0.06535156,0.40535155,-0.37464845,-0.64464843,-0.99464846,-0.5246484,-1.2846484,-2.1446486,-0.5246484,-0.5446484,-1.1246485,-0.41464844,-0.8546484,-0.67464846,-0.37464845,-2.1946485,-2.1946485,-4.3646483,-4.2746487,-4.3046484,-4.4146485,-4.234648,-4.5746484,-4.9046483,-5.254648,-5.1546483,-5.6046486,-5.8546486,-5.9546485,-6.1046486,-6.5946484,-6.6746483,-6.1746483,-5.7846484,-5.6746483,-5.3146486,-5.2146482,-5.004648,-4.6346483,-4.5746484,-4.1846485,-3.6546485,-3.1246483,-2.3846483,-3.1446486,-4.5246487,-4.9246483,-4.6646485,-4.5246487
1.9153515,1.0453515,-0.5946484,-2.2446485,0.33535156,-0.04464844,0.6553516,0.28535157,0.09535156,0.26535156,-0.56464845,-0.41464844,-0.5946484,-0.47464845,-0.23464844,-2.3346484,-0.43464842,-0.73464847,-0.6546484,-0.31464845,-0.44464844,-0.8546484,-1.3246484,-1.6246485,-5.0846486,-3.8446484,-3.5546484,-3.2946484,-2.9646485,-3.7746484,-3.8046484,-4.1846485,-4.6246486,-4.7846484,-5.1246486,-5.2146482,-5.5546484,-5.7946486,-5.7946486,-5.734648,-5.5746484,-5.3546486,-5.1746483,-4.8246484,-4.5846486,-4.2746487,-3.6646485,-4.0346484,-3.4546485,-2.9746485,-2.8446484,-2.3546484,-2.2346485,-3.8246484,-3.8046484,-3.9846485,-3.6146483
1.5653516,-1.5346484,0.16535157,-1.2246485,-0.8546484,1.6253515,1.5753516,0.34535158,-0.27464843,-0.10464844,-0.21464844,-0.88464844,-1.0346484,-1.3946484,-1.6646484,-1.5946485,0.17535156,-0.47464845,-0.55464846,-0.41464844,-0.80464846,-1.1046485,-1.0846485,-6.754648,-4.3846483,-3.0746484,-2.4746485,-2.1646485,-1.6646484,-2.2646484,-3.5746484,-3.7346485,-4.1946483,-4.2846484,-4.3446484,-4.9046483,-5.2146482,-5.1246486,-5.1446486,-4.6846485,-4.6446486,-4.7646484,-4.5146484,-4.1646485,-3.8846483,-3.4346485,-3.2146485,-3.4146485,-3.0046484,-2.8146484,-2.2746484,-2.5446484,-2.1946485,-2.0646484,-2.6646485,-3.0246484,-3.1146483
1.0853516,-1.0046484,-1.0246484,0.61535156,0.025351562,0.40535155,1.2253516,1.2053516,0.47535157,-1.0146484,1.1553515,-1.2746484,-1.1746484,-0.92464846,-1.2546484,-0.98464847,-1.0046484,-0.9646484,-3.0346484,-3.5246484,-2.9646485,-4.9446483,-5.4546485,-4.3646483,-2.8446484,-2.1746485,-1.5346484,-0.5246484,-0.054648437,-1.5646484,-2.3946486,-3.8146484,-3.5746484,-2.9546485,-3.6746485,-3.9146485,-4.7946486,-4.754648,-4.7246485,-4.0846486,-3.6346483,-3.6046484,-3.9646485,-3.3046484,-2.8646483,-2.2846484,-2.8946486,-2.4446485,-2.9946485,-2.3946486,-1.8346485,-1.8946484,-1.9646485,-1.9846485,-1.6146485,-1.6446484,-1.2846484
0.69535154,-0.67464846,0.41535157,0.47535157,0.56535155,0.7253516,1.4953516,-0.054648437,-0.17464843,1.3453516,0.5353516,0.55535156,-1.3046484,-1.1346484,-1.9146484,-0.86464846,-1.0446484,-5.3046484,-4.6746483,-4.4146485,-4.4346485,-4.4446483,-3.4446485,-2.7246485,-2.2046485,-1.0946485,-1.0346484,0.36535156,0.115351565,-0.28464845,-2.5146484,-3.0246484,-3.4546485,-2.8946486,-2.0546484,-4.5646486,-3.9446485,-4.2746487,-3.9146485,-3.4346485,-2.7646484,-2.5646484,-2.7246485,-2.4946485,-2.0146484,-2.1746485,-1.7546484,-1.2446485,-2.2846484,-2.1046484,-1.5646484,-1.3946484,-1.3446485,-1.0246484,-0.67464846,-0.15464844,0.44535157
0.82535154,0.26535156,-0.8546484,-0.44464844,0.46535155,-0.6546484,0.24535157,0.15535156,0.54535156,3.7153516,-1.0546484,-2.6346483,-2.5246484,-1.8846484,-0.64464843,-0.9746484,-4.6446486,-5.9446483,-5.5146484,-4.4746485,-4.2746487,-4.8746486,-4.9446483,-4.4246483,-4.2446485,-3.5246484,-3.9646485,-2.0446484,-2.5746484,-0.25464845,-3.1646485,-2.4446485,-2.1546485,-1.7146485,-1.7546484,-2.8946486,-2.6446486,-3.5446484,-2.9146485,-2.5646484,-2.2046485,-1.5546484,-1.2346485,-1.8546485,-2.4746485,-1.9146484,-0.95464844,-0.93464845,-1.1946484,-1.2346485,-1.2746484,-0.75464845,-0.5446484,0.36535156,0.34535158,0.75535154,1.5153515
2.4353516,1.3053516,0.35535157,-2.7046485,-1.0446484,0.115351565,-0.48464844,-0.39464843,0.92535156,-1.8146484,-0.7746484,-3.0646484,-1.6246485,-1.3646485,-1.1746484,-6.234648,-5.2046485,-5.6346483,-5.1646485,-4.7046485,-4.5146484,-4.2746487,-4.2146482,-4.1046486,-3.8346484,-3.6246483,-3.7846484,-3.8946486,-3.8446484,-4.1146483,-3.1946485,-2.3846483,-1.2146485,-0.69464844,-0.83464843,-2.2246485,-1.7846484,-1.4046484,-1.8146484,-2.0946484,-1.8546485,-1.4546485,-1.1646484,-2.3346484,-3.0046484,-1.4946485,-0.9746484,-0.56464845,-1.0946485,-0.74464846,-0.80464846,-0.36464843,0.26535156,1.3253516,2.0053515,0.66535157,1.6853516
2.2653515,2.2753515,-0.13464844,-1.3046484,-0.20464844,-2.3546484,-0.51464844,0.6453516,-0.7746484,-0.82464844,-1.8546485,-1.1646484,-0.034648437,-4.6846485,-5.1646485,-5.3946486,-5.5746484,-4.8746486,-5.2446485,-5.0846486,-4.9046483,-5.2746487,-5.1246486,-4.4246483,-4.4346485,-4.3846483,-4.3746486,-4.1046486,-4.1746483,-5.504648,-6.1346483,-5.8246484,-3.1346483,-3.9346485,-3.8046484,-3.7646484,-4.4746485,-3.4346485,-2.3946486,-2.8246484,-2.6646485,-2.5546484,-2.9646485,-2.6546485,-2.6746485,-2.0946484,-1.2746484,-0.88464844,-0.73464847,-0.16464844,0.51535153,1.1153516,1.2553515,1.8053516,1.1053516,-0.42464843,-0.42464843
-5.1946483,-0.36464843,1.6553515,-1.9246484,-6.8346486,-7.0846486,-1.6346484,-7.004648,-7.9746485,-7.7046485,-6.4546485,-6.6246486,-7.0146484,-6.1646485,-5.1846485,-5.2246485,-5.3646483,-4.7446485,-4.8646483,-4.3146486,-3.8446484,-3.3946486,-4.5846486,-5.3446484,-5.0246487,-5.0246487,-4.4046483,-4.1746483,-6.3046484,-6.3846483,-7.4546485,-7.5946484,-7.8546486,-8.354649,-7.6546483,-8.744648,-7.4346485,-6.9746485,-6.9446483,-6.4346485,-4.3146486,-3.7946484,-2.8146484,-1.4846485,-1.8746485,-2.6646485,-2.1546485,-0.86464846,0.075351566,0.55535156,1.5753516,2.0053515,1.4853516,0.28535157,-2.8446484,-1.8846484,-0.70464844
-7.5746484,-5.9546485,-9.974648,-7.8446484,-9.394649,-8.634648,-8.404649,-8.224648,-8.6846485,-8.694649,-7.8446484,-6.8946486,-6.7646484,-5.9346485,-4.6246486,-5.1246486,-4.5846486,-4.2646484,-3.5146484,-3.2046485,-4.0746484,-5.1046486,-4.7446485,-4.8046484,-5.504648,-4.8746486,-6.0646486,-6.8246484,-7.3446484,-7.3046484,-8.404649,-8.054648,-7.6546483,-8.804648,-7.5646486,-8.094648,-7.7146482,-7.4346485,-7.5646486,-7.4246483,-7.3146486,-7.0746484,-6.5146484,-6.1746483,-5.4546485,-6.3246484,-4.8446484,-4.0946484,-4.4246483,-1.1546484,1.5053515,1.6853516,-1.2746484,-3.4246485,-2.9146485,-1.9146484,-0.7146484
-7.8546486,-7.6146483,-7.6746483,-8.624648,-8.884648,-9.044648,-8.424648,-8.624648,-8.534649,-8.034649,-7.2446485,-6.5846486,-5.9746485,-4.6546483,-4.9546485,-5.484648,-4.2746487,-3.3546484,-3.7746484,-3.8646483,-5.0846486,-4.7146482,-5.0746484,-5.1046486,-5.8446484,-5.8246484,-6.2446485,-7.3846483,-7.6546483,-7.4046483,-7.8946486,-7.9646482,-7.9346485,-7.8246484,-7.8746486,-7.4246483,-7.3646483,-7.3546486,-7.1946483,-6.7046485,-6.4346485,-6.4546485,-6.4346485,-6.2946486,-5.9946485,-5.8546486,-5.3946486,-5.234648,-4.4046483,-2.5346484,-3.9546485,-4.8246484,-4.3546486,-3.3646483,-2.4246485,-1.6146485,-0.08464844
