target/myProject/json/ex1.json
{"header": { "discipline":0, "disciplineName":"Meteorological products", "gribEdition":2, "gribLength":106064, "center":7, "centerName":"US National Weather Service - NCEP(WMC)", "subcenter":0, "refTime":"2018-08-15T00:00:00.000Z", "significanceOfRT":1, "significanceOfRTName":"Start of forecast", "productStatus":0, "productStatusName":"Operational products", "productType":1, "productTypeName":"Forecast products", "productDefinitionTemplate":0, "productDefinitionTemplateName":"Analysis/forecast at horizontal level/layer at a point in time", "parameterCategory":2, "parameterCategoryName":"Momentum", "parameterNumber":2, "parameterNumberName":"U-component_of_wind", "parameterUnit":"m.s-1", "genProcessType":2, "genProcessTypeName":"Forecast", "forecastTime":0, "surface1Type":103, "surface1TypeName":"Specified height level above ground", "surface1Value":10.0, "surface2Type":255, "surface2TypeName":"Missing", "surface2Value":0.0, "gridDefinitionTemplate":0, "gridDefinitionTemplateName":"Latitude_Longitude", "numberPoints":65160, "shape":6, "shapeName":"Earth spherical with radius of 6,371,229.0 m", "gridUnits":"degrees", "resolution":48, "winds":"true", "scanMode":64, "nx":360, "ny":181, "basicAngle":0, "lo1":0.0, "la1":0.0, "lo2":180.0, "la2":90.0, "dx":1.0, "dy":1.0 }, "data":
[rows 130 to 155 of 181, columns 171 to 227 of 360]
4.9853516,4.2953515,4.2253513,3.7353516,-3.9146485,-4.2146482,-3.8046484,-3.7646484,-2.9346485,-3.6046484,-4.0746484,-4.0746484,-4.2646484,-4.3346486,-4.4146485,-4.4146485,-4.4146485,-3.6546485,-3.6846485,-3.1346483,3.4453516,6.5953517,4.1353517,4.0053515,4.4153514,4.1053514,3.7653515,2.9553516,2.3753517,-0.064648435,-0.37464845,0.51535153,-0.6546484,-0.6646484,-1.9946485,-2.0346484,-2.2946484,-2.6646485,-3.0346484,-2.5346484,-3.3446484,-3.6946485,-3.7646484,-4.5546484,-3.8146484,-3.4246485,-3.8846483,-3.7046485,-2.5246484,-2.3046484,-1.8946484,-1.5846485,-1.1746484,-0.69464844,-0.11464844,0.5853516,0.6453516
4.3253517,4.2153516,3.8853517,-2.5746484,-5.3746486,-5.0146484,-4.4146485,-4.4446483,-4.5846486,-4.2046485,-4.1146483,-3.6946485,-4.5746484,-4.234648,-4.8346486,-5.3546486,-5.5246487,-6.1646485,-6.0446486,-6.5446486,-6.2046485,-6.3246484,-3.3846483,-0.6646484,2.2153516,4.1953516,4.9453516,4.515352,3.1953516,2.2053516,1.2653515,1.2753515,2.2053516,-0.9646484,-0.0146484375,0.37535155,-0.67464846,-0.5246484,-1.4246484,-1.7146485,-1.6146485,-2.9546485,-3.7746484,-3.5546484,-3.7246485,-2.4846485,-2.4746485,-2.9446485,-2.2046485,-2.2546484,-1.8446485,-1.6746484,-1.5146484,-0.92464846,-0.56464845,-0.08464844,0.085351564
2.7753515,1.4753516,-4.3846483,-5.8646483,-5.9246483,-4.9546485,-5.1246486,-5.3546486,-4.4946485,-4.0446486,-3.6746485,-4.0646486,-4.8146486,-4.5246487,-4.9746485,-5.6446486,-5.9546485,-6.9046483,-6.6046486,-7.0846486,-7.4046483,-7.8046484,-7.4146485,-6.9146485,-6.254648,-5.5846486,-5.0646486,-0.76464844,6.1253514,3.3353515,3.2353516,2.1053514,2.2253516,1.3053516,0.75535154,0.56535155,0.46535155,0.22535156,0.04535156,-0.45464844,-2.6246483,-2.3346484,-2.9346485,-3.2146485,-2.5446484,-2.6446486,-3.1646485,-3.1146483,-2.5946484,-2.2746484,-1.7546484,-1.4846485,-1.1146485,-0.9146484,-0.87464845,-0.6046484,-0.31464845
-2.8046484,-5.8046484,-7.2146482,-7.1346483,-6.234648,-5.8046484,-5.8346486,-5.6646485,-4.3746486,-4.0546484,-4.0246487,-4.4146485,-4.3046484,-4.3946486,-4.3446484,-4.984648,-5.6346483,-6.0446486,-6.4646482,-6.6946483,-6.5546484,-6.9346485,-7.0746484,-7.0446486,-7.0846486,-6.8846483,-6.3846483,-6.2246485,-5.0146484,1.1653515,5.6453514,1.9053515,3.1053514,2.6753516,3.0253515,2.7753515,1.6553515,1.0953516,1.4453516,1.5653516,1.4753516,0.7153516,-0.98464847,0.49535155,0.10535156,-0.5246484,-0.93464845,-1.2946484,-0.83464843,-0.83464843,-0.7946484,-0.58464843,-0.5246484,-0.5446484,-1.2546484,-0.75464845,-0.57464844
-8.144649,-8.744648,-8.514648,-6.8246484,-5.8346486,-5.6646485,-5.6446486,-4.4246483,-3.9246485,-3.9346485,-4.004648,-3.8146484,-3.8846483,-3.9746485,-4.4746485,-4.9646482,-5.5646486,-6.004648,-6.2746487,-6.5746484,-7.0446486,-7.3046484,-7.2746487,-6.9246483,-6.8946486,-6.5846486,-6.6746483,-6.4746485,-6.6846485,-6.5746484,-5.3646483,3.9953516,5.0853515,4.0353518,2.8653517,2.2253516,1.7453516,1.6153516,2.1753516,2.3753517,3.5753515,3.3353515,3.3753517,3.1553516,2.2953515,1.3853515,1.2953515,0.92535156,1.2853515,0.93535155,0.74535155,0.46535155,0.40535155,0.46535155,0.33535156,-0.15464844,-0.93464845
-7.2946486,-7.1646485,-6.4346485,-4.9646482,-4.2946486,-4.0846486,-4.3846483,-4.0346484,-3.1246483,-2.9446485,-2.8546484,-3.2446485,-3.6146483,-4.2246485,-4.5446486,-4.8946486,-5.1146483,-5.1946483,-5.2046485,-5.5846486,-5.9746485,-6.0146484,-6.2646484,-6.3246484,-6.4346485,-6.5146484,-6.4646482,-6.6346483,-6.6646485,-6.6546483,-6.9446483,-6.2746487,-5.2246485,3.8753517,3.7053516,2.7653515,1.9353516,2.4353516,2.9953516,3.4853516,3.7153516,4.2953515,4.3653517,4.3053517,4.1353517,3.7753515,3.5253515,3.2153516,2.9253516,2.5253515,2.0753515,1.8853515,1.5753516,1.2253516,0.9653516,0.7053516,0.60535157
-5.8946486,-4.9746485,-4.5746484,-4.5146484,-4.0646486,-3.7946484,-3.4246485,-3.1946485,-3.0446484,-3.0046484,-2.5546484,-3.4046485,-3.3546484,-3.6246483,-3.8946486,-3.7146485,-3.7046485,-3.7346485,-3.8146484,-4.1446486,-4.5246487,-4.8246484,-5.0746484,-5.2946486,-5.4346485,-5.4346485,-5.3446484,-5.3746486,-5.6446486,-5.7946486,-5.7746487,-5.7646484,-5.3846483,-6.2046485,0.29535156,2.9653516,2.8753517,3.0353515,3.6453516,3.5253515,4.015352,4.3553514,4.5253515,4.8253517,4.8753514,4.9453516,4.8553514,4.495352,4.1253514,3.8153515,3.4553516,3.1353517,2.7353516,2.3653517,2.0353515,1.8453516,1.8653516
-4.984648,-4.4746485,-3.9746485,-3.6946485,-3.4046485,-3.3046484,-3.3046484,-3.1646485,-2.7846484,-2.1446486,-1.8646485,-1.5746484,-1.8446485,-2.2346485,-2.3446484,-2.2646484,-2.3046484,-2.3346484,-2.3446484,-2.4646485,-2.6946485,-2.9646485,-3.2846484,-3.5646484,-3.7246485,-3.7646484,-3.8146484,-3.7746484,-3.8746483,-4.1446486,-4.3746486,-4.6046486,-4.9746485,-5.3546486,-6.8846483,-8.964648,-3.6146483,2.9053516,4.9153514,4.2753515,4.4853516,5.1153517,5.2753515,5.6153517,5.7353516,5.4453516,5.3453517,5.4153514,5.3153515,4.9153514,4.2053514,3.7853515,3.3153515,2.9853516,2.8653517,2.7653515,2.7953515
-4.3346486,-3.8246484,-3.2546484,-3.0646484,-3.0546484,-2.5246484,-2.1046484,-2.1846485,-1.8746485,-1.9246484,-1.9746485,-1.4746485,-0.7946484,-0.23464844,-0.034648437,-0.094648436,-0.034648437,0.025351562,0.06535156,0.04535156,0.04535156,-0.064648435,-0.31464845,-0.67464846,-0.9646484,-1.1646484,-1.2946484,-1.5146484,-1.7846484,-2.1046484,-2.6946485,-3.2546484,-3.4746485,-4.0646486,-4.9146485,-5.4546485,-5.4346485,-6.1546483,-7.0746484,-5.4246483,-1.5046484,2.2253516,5.4253516,6.8253517,7.0053515,6.7853518,6.6653514,6.6753516,6.5453515,6.245352,5.4053516,4.9153514,4.7853518,4.2553515,4.1053514,3.7153516,3.4153516
-4.5946484,-4.0446486,-3.5146484,-3.6446486,-2.6146483,-1.9446484,-2.6146483,-1.5446484,-0.68464845,-0.35464844,0.06535156,0.9753516,1.9153515,2.1953516,2.5753515,2.8953516,3.1253517,3.1953516,3.1553516,3.1253517,3.0653515,3.0053515,2.9453516,2.8153515,2.3853517,1.8253516,1.3553516,0.98535156,0.74535155,0.38535157,-0.36464843,-1.3646485,-2.0646484,-2.1946485,-2.7546484,-3.1746485,-3.5546484,-3.7346485,-3.7446485,-3.4946485,-3.1746485,-2.9046485,-3.0646484,-3.5946484,-3.2746484,-0.98464847,2.2553515,5.0053515,6.4853516,6.8253517,6.6653514,6.3153515,5.765352,5.6053514,5.3253517,5.4453516,5.1453514
-4.0846486,-3.8846483,-3.0646484,-2.6746485,-2.6046484,-2.1346483,-1.3546485,-0.24464844,0.5353516,1.4353516,2.3653517,3.1853516,3.4953516,3.9053516,4.3353515,4.765352,4.9853516,4.7953515,4.7053514,4.6953516,4.7953515,4.8553514,4.7753515,4.7253513,4.4253516,3.9953516,3.6353517,3.3053515,3.0353515,2.6853516,2.1853516,1.5453515,0.39535156,0.09535156,-0.094648436,-0.42464843,-0.5946484,-0.70464844,-0.88464844,-0.98464847,-0.88464844,-0.6546484,-0.47464845,-0.44464844,-0.43464842,-0.39464843,-0.49464843,-0.62464845,-0.31464845,0.88535154,3.5653515,5.2753515,5.4453516,5.3553514,5.3553514,5.3253517,5.3453517
-3.9746485,-3.2746484,-2.1046484,-1.8846484,-1.5346484,-1.0746484,-0.18464844,0.7053516,1.4553516,2.3953516,3.3953516,4.3453517,5.2253513,5.8353515,6.2853518,6.745352,6.7253513,6.5753517,6.4153514,6.3253517,6.1853514,6.2253513,6.1053514,5.765352,5.2553515,5.2753515,5.1353517,4.9453516,4.6053514,4.2253513,3.9153516,3.5653515,3.2153516,2.6453516,2.4753516,2.4153516,2.2753515,2.1653516,2.2553515,2.2253516,2.0253515,1.9153515,1.9253516,1.8153516,1.6453515,1.3553516,1.0053515,0.6453516,0.42535156,0.8453516,1.1353515,0.6453516,0.68535155,1.8953515,2.8053515,3.5353515,4.515352
-4.1546483,-3.6146483,-2.7246485,-1.9946485,-1.6346484,-0.7746484,0.49535155,1.7853515,2.9653516,3.6153517,4.4853516,5.1653514,5.4853516,3.8753517,6.3853517,7.4753513,6.9053516,7.7253513,7.7153516,7.745352,7.2953515,6.6953516,6.2253513,6.1053514,5.9653516,6.2953515,5.9553514,5.6153517,5.2553515,4.995352,4.8153515,4.6253514,4.5653515,4.5353518,4.2953515,4.1953516,4.2153516,4.3353515,4.3553514,4.1853514,3.7653515,3.6153517,3.8253515,3.6653516,3.4553516,2.7653515,2.3053515,1.9553516,1.8653516,2.0753515,2.1353517,2.3853517,2.6253517,2.5053515,2.7253516,3.0153515,3.9053516
-3.6046484,-2.4046485,-1.2046485,-0.19464844,0.91535157,2.2753515,3.6153517,4.495352,5.1353517,6.1653514,7.2353516,7.9753513,8.885351,9.655352,10.3153515,10.8153515,11.265351,10.675351,9.015351,7.0053515,5.2853518,5.4053516,6.5753517,8.015351,7.8353515,7.2153516,6.2953515,5.9153514,4.9353514,4.515352,5.0753517,5.5853515,6.2153516,6.0753517,5.7953515,5.9253516,6.0353518,5.745352,5.4553514,5.3053517,5.5053515,5.7253513,5.5853515,5.0953517,4.5053515,4.0853515,3.8653517,3.8053515,3.9953516,4.2753515,4.2353516,4.0453515,3.7253516,3.5153515,3.2153516,3.0753515,3.1353517
-1.0146484,-0.12464844,0.04535156,0.44535157,1.3353516,2.6853516,4.495352,5.0853515,4.245352,3.5353515,3.6453516,4.2853518,5.2153516,6.2153516,6.995352,7.6453514,8.375352,9.095351,9.725351,10.015351,8.775352,8.125352,5.4853516,2.0353515,3.0453515,3.8953516,4.8353515,5.4753513,6.7853518,6.8353515,6.3653517,6.6953516,6.7853518,6.265352,5.9253516,5.9053516,5.8753514,6.0053515,6.2053514,6.5553517,6.7353516,6.765352,6.8853517,6.765352,6.4753513,6.2753515,6.4553514,6.6753516,6.5353518,6.2253513,5.8453517,5.4653516,4.9753513,4.5353518,4.3753514,4.1153517,3.6153517
-2.8246484,-1.9646485,-0.034648437,3.0853515,2.0353515,-1.3246484,-2.0546484,-0.20464844,1.5753516,2.8053515,3.7153516,4.5253515,5.2553515,5.8353515,6.1153517,6.1953516,6.4353514,7.0653515,8.035352,8.585352,9.155352,9.785352,9.355351,10.085352,8.8153515,7.0753517,2.2053516,3.3453515,6.8553514,4.8153515,7.8753514,8.095351,7.0253515,6.5053515,5.6353517,4.5353518,4.6453514,6.2553515,8.3153515,9.305351,8.835352,8.595351,8.465351,8.275352,8.385351,8.715351,8.905352,8.655352,8.005352,7.3753514,6.745352,6.1653514,5.4753513,4.9253516,5.3253517,4.0653515,3.5253515
0.04535156,0.34535158,-2.6246483,-3.6046484,-1.9246484,-0.7746484,0.5353516,2.4953516,3.6053514,4.1653514,4.6753516,5.0053515,5.6153517,6.0353518,6.2753515,6.1953516,5.7953515,5.4053516,5.1153517,5.6953516,7.765352,8.765351,9.125352,9.855351,10.765351,10.835352,10.915352,11.3153515,7.0453515,3.1253517,2.6953516,0.93535155,1.0153515,3.4253516,7.2053514,8.835352,8.715351,9.235352,10.865352,10.095351,9.135351,9.085352,9.265351,9.495352,9.685351,9.615352,9.245352,8.955352,8.735352,8.115352,7.5653515,6.9253516,6.265352,6.1053514,6.4553514,7.1353517,5.3653517
-2.7546484,-3.0846484,-1.9946485,-1.0246484,0.34535158,2.3353515,3.8353515,4.9353514,4.1653514,4.0353518,3.7553515,4.1353517,3.8453515,4.1853514,2.7653515,2.1653516,3.0053515,4.0053515,4.0853515,3.7653515,3.5453515,3.8353515,5.3553514,5.8053517,6.6253514,7.8953514,7.9253516,8.465351,9.515351,7.015352,8.045352,7.1353517,2.6053514,3.9853516,5.6053514,6.6053514,8.325352,12.855351,9.965351,6.2753515,5.745352,6.3653517,6.9353514,7.3653517,7.6953516,8.135351,8.485352,8.765351,8.795352,8.555351,8.125352,7.5053515,6.6853514,5.1253514,3.3253515,3.2553515,-0.0046484377
-1.9746485,-0.9646484,0.025351562,1.5853516,3.2753515,3.4853516,3.0153515,1.8653516,2.1953516,2.2653515,2.2553515,2.4453516,2.8853517,2.1853516,0.9553516,1.3453516,2.2053516,3.1253517,4.1553516,5.2853518,6.3053517,7.1053514,7.2553515,6.4553514,5.0653515,4.4353514,4.9853516,6.8053517,6.5753517,7.0853515,6.5653515,6.1953516,7.6653514,6.7053514,6.1353517,9.265351,7.6153517,7.0053515,7.3353515,7.745352,7.9653516,8.895351,8.415352,7.8253517,7.6953516,7.5653515,7.2553515,6.995352,6.6653514,5.5453515,5.2853518,5.6553516,5.4053516,1.9053515,1.4353516,1.5253515,2.2953515
0.48535156,1.4853516,2.7253516,3.4853516,2.2853515,0.91535157,-0.39464843,-0.45464844,0.60535157,0.91535157,0.41535157,0.20535156,0.45535156,-1.2846484,-1.3946484,1.2853515,2.0853515,3.4053516,4.1553516,5.3753514,7.3253517,10.035352,10.095351,8.935351,7.5353518,5.4753513,4.9753513,4.9353514,6.5653515,5.4853516,7.6953516,7.9653516,7.3553514,5.0053515,4.5453515,6.4453516,7.0853515,9.235352,10.895351,12.3153515,14.235352,12.875352,9.455352,6.6353517,6.2353516,5.6853514,5.6753516,4.765352,4.6453514,4.3653517,-2.5746484,1.1353515,-0.62464845,0.54535156,-1.1846484,3.7253516,2.8453515
3.3553514,4.015352,3.0853515,1.5353515,0.44535157,0.36535156,-0.45464844,-0.81464845,-0.89464843,-0.58464843,-1.2046485,-1.1346484,-1.0446484,-0.39464843,0.49535155,1.1453515,2.2153516,2.2953515,2.8553514,3.6953516,4.9553514,3.6153517,4.1253514,6.8153515,8.145351,7.4353514,6.8053517,6.265352,4.3153515,2.9553516,2.4253516,3.1053514,3.4253516,5.7753515,3.8853517,3.5453515,4.015352,5.5553517,4.5953517,1.8553516,-0.63464844,-0.44464844,-1.5546484,-1.3446485,-2.1646485,-1.3346485,-1.4746485,-0.40464842,0.80535156,1.2353516,2.8053515,2.0653515,2.7053516,1.1953516,2.7053516,2.7953515,4.3953514
1.2353516,-0.70464844,-0.12464844,0.26535156,1.5953516,1.6453515,1.1753516,0.81535155,-0.16464844,-0.73464847,-1.1446484,-1.4746485,-0.67464846,0.35535157,-0.034648437,0.20535156,0.41535157,0.42535156,0.61535156,-0.41464844,-0.43464842,0.055351563,-1.1546484,-0.15464844,3.1653516,3.9553516,5.3053517,6.0353518,5.8053517,6.3753514,10.365352,8.745352,5.5653515,5.3453517,0.51535153,1.1953516,4.4853516,0.7853516,2.7953515,0.75535154,-0.034648437,-1.3846484,-0.70464844,1.1553515,-0.68464845,1.8153516,-0.61464846,0.37535155,2.0153515,2.8853517,1.9853516,0.38535157,1.2453516,3.5653515,3.3453515,3.2453516,3.7553515
-0.7146484,-0.92464846,0.54535156,0.7753516,1.2553515,3.2453516,2.3753517,2.0253515,2.6253517,0.085351564,-0.27464843,-0.88464844,-1.0846485,-0.47464845,0.22535156,-0.23464844,-0.92464846,-1.2046485,-1.6346484,-1.8746485,-2.4046485,-2.1546485,-2.2046485,-1.4046484,-1.4746485,0.28535157,3.3453515,4.2353516,3.5953515,6.7153516,6.3053517,5.1253514,7.0853515,3.0853515,1.7153516,3.2353516,1.5153515,-2.1446486,-0.6046484,0.43535155,2.1953516,3.3053515,2.5753515,-0.73464847,-1.4246484,2.2853515,1.8653516,3.0053515,3.3553514,1.3353516,0.60535157,0.51535153,1.0553516,-0.37464845,0.85535157,4.4053516,4.745352
0.74535155,1.3053516,1.8653516,1.9653516,1.8953515,1.5053515,0.9653516,1.8053516,-0.07464844,-0.7746484,1.3253516,-0.0146484375,-0.49464843,-0.73464847,-0.51464844,-0.11464844,-0.70464844,-1.3646485,-1.8246484,-1.6846484,-1.8346485,-1.9146484,-1.6046485,-1.9946485,-1.5446484,-1.2346485,-0.25464845,0.5953516,2.0253515,2.2653515,-0.62464845,1.5553516,2.9853516,0.7853516,1.1753516,2.6853516,1.9353516,0.99535155,1.1253515,1.2453516,2.8953516,2.7753515,0.37535155,-1.4046484,1.0653516,3.6453516,4.2753515,4.2153516,3.8953516,3.5553515,3.6053514,3.3353515,3.1553516,4.1353517,3.2853515,4.4353514,4.5253515
2.6553516,2.6653516,2.8153515,1.8653516,2.6153517,3.0853515,3.0253515,2.4953516,-0.29464844,1.2353516,1.3353516,0.51535153,-0.07464844,0.81535155,0.7053516,1.2253516,-1.1646484,-1.3046484,-2.0146484,-1.3346485,-1.1546484,-0.92464846,0.25535157,0.7053516,-0.63464844,-0.34464845,-0.8546484,0.18535157,3.6953516,1.3153516,-1.7946484,-0.49464843,0.47535157,1.0453515,1.1153516,1.7553515,1.9053515,1.8553516,1.9153515,2.2153516,1.9253516,2.3653517,-0.17464843,-1.1246485,0.075351566,2.3553514,4.4253516,3.7953515,4.2353516,2.6553516,3.5753515,3.8653517,6.0953517,1.9053515,1.2253516,0.8953516,1.5153515
2.4453516,3.5353515,3.5053515,3.2753515,3.9653516,3.5353515,2.4753516,2.7553515,2.1053514,1.9353516,2.8853517,3.0853515,2.0753515,1.4853516,-0.9646484,-1.5846485,0.8453516,1.2253516,-2.2146485,-1.1846484,-1.1346484,-0.5346484,-0.35464844,-1.5446484,-0.67464846,-0.7846484,-2.4146485,-2.9246485,-4.4746485,-4.9746485,-2.5946484,-0.80464846,-0.95464844,-0.95464844,-0.9146484,-1.4646485,-1.8746485,-2.0046484,-1.1346484,-0.064648435,0.42535156,0.9553516,0.50535154,0.43535155,0.8453516,0.31535158,0.23535156,0.50535154,0.25535157,-1.7246485,-1.6646484,-1.3146484,-1.4146484,-1.8346485,-0.38464844,0.19535156,-0.83464843
