target/myProject/json/ex1.json
{"header": { "discipline":0, "disciplineName":"Meteorological products", "gribEdition":2, "gribLength":106064, "center":7, "centerName":"US National Weather Service - NCEP(WMC)", "subcenter":0, "refTime":"2018-08-15T00:00:00.000Z", "significanceOfRT":1, "significanceOfRTName":"Start of forecast", "productStatus":0, "productStatusName":"Operational products", "productType":1, "productTypeName":"Forecast products", "productDefinitionTemplate":0, "productDefinitionTemplateName":"Analysis/forecast at horizontal level/layer at a point in time", "parameterCategory":2, "parameterCategoryName":"Momentum", "parameterNumber":3, "parameterNumberName":"V-component_of_wind", "parameterUnit":"m.s-1", "genProcessType":2, "genProcessTypeName":"Forecast", "forecastTime":0, "surface1Type":103, "surface1TypeName":"Specified height level above ground", "surface1Value":10.0, "surface2Type":255, "surface2TypeName":"Missing", "surface2Value":0.0, "gridDefinitionTemplate":0, "gridDefinitionTemplateName":"Latitude_Longitude", "numberPoints":65160, "shape":6, "shapeName":"Earth spherical with radius of 6,371,229.0 m", "gridUnits":"degrees", "resolution":48, "winds":"true", "scanMode":64, "nx":360, "ny":181, "basicAngle":0, "lo1":0.0, "la1":0.0, "lo2":180.0, "la2":90.0, "dx":1.0, "dy":1.0 }, "data":
[rows 52 to 77 of 181, columns 177 to 235 of 360]
1.6555518,0.22555175,1.2355517,1.7555518,0.87555176,-1.1644483,-4.7344484,-7.804448,-7.6044483,-5.9844484,-4.0044484,-2.4844482,-2.3744483,-3.8344483,-5.474448,-4.614448,-4.574448,-5.9844484,-7.8944483,-9.534449,-7.094448,-5.534448,-4.2144485,-3.4444482,-2.7944481,-2.3944483,-1.8244482,-2.7644482,-1.4044483,1.1955518,3.1955519,5.6655517,8.205552,4.575552,3.6855516,2.2655518,0.6655518,1.0355518,0.13555175,-0.5144482,-0.36444825,0.075551756,-0.32444823,-1.1944482,-2.4244483,-4.324448,-5.974448,-6.924448,-6.884448,-6.0844483,-5.0244484,-5.404448,-4.614448,-3.7644482,-3.3344483,-2.1644483,-0.13444825,1.1255517,1.9555517
4.385552,4.0855517,2.6855516,1.6955518,0.6055518,-2.3944483,-4.904448,-5.8144484,-5.824448,-5.2744484,-4.324448,-4.384448,-2.9944482,-1.5544482,-2.0144482,-5.1844482,-6.2144485,-6.7944484,-9.684448,-11.934448,-9.934448,-6.4444485,-5.3744483,-4.014448,-2.9644482,-2.5944483,-2.1144483,-1.1144482,0.015551758,3.5955517,3.8155518,6.6055517,6.8155518,4.3055515,5.755552,5.2855515,3.3455517,2.4755518,2.0255518,1.3255517,-0.07444824,-1.7544483,-3.3344483,-4.6844482,-6.154448,-6.4644485,-6.884448,-7.4344482,-7.9344482,-7.594448,-6.724448,-5.4844484,-5.114448,-4.804448,-3.6244483,-2.4544482,-1.6844482,-0.56444824,0.64555174
5.095552,4.2055516,3.5155518,2.2655518,0.19555175,-2.1644483,-3.3044481,-4.674448,-5.284448,-4.804448,-3.6744483,-3.3244483,-3.1844482,-1.9644482,-1.0344483,-1.7144482,-4.634448,-8.524448,-12.094448,-11.914448,-10.094448,-7.954448,-6.4144483,-4.554448,-2.6444483,-2.4644482,-2.3944483,-0.53444827,1.4055518,4.215552,5.525552,6.045552,5.9355516,6.1855516,7.5555515,6.325552,6.0555515,4.8155518,3.0955517,1.7655518,0.74555176,-0.50444824,-2.9444482,-5.4844484,-8.424448,-10.854448,-11.494449,-10.4044485,-9.194448,-8.354448,-7.724448,-6.5444484,-5.1444483,-4.7344484,-4.4144483,-3.8844483,-2.5244482,-1.5044483,-0.48444825
5.595552,4.2255516,2.6455517,1.0055518,-0.40444824,-1.7344482,-3.2244482,-3.9844482,-4.3144484,-3.7044482,-2.5844483,-2.0044482,-2.6544483,-2.4044483,-1.5044483,-1.0344483,-2.1744483,-5.784448,-10.184448,-12.724448,-10.964448,-9.434448,-7.0044484,-4.6044483,-2.7144482,-2.8944483,-1.6444483,-0.34444824,1.9655517,4.3355517,5.675552,6.4155517,7.575552,7.8955517,8.585552,8.005551,7.655552,6.1855516,4.465552,3.4655519,0.22555175,-3.3044481,-6.9144483,-9.044448,-9.304448,-9.424448,-9.934448,-11.694448,-12.344448,-9.724448,-8.334448,-7.224448,-5.904448,-4.5244484,-3.5744483,-2.8044481,-2.9244483,-2.2544482,-1.2444482
5.175552,3.8655517,2.4555519,0.88555175,-0.104448244,-0.80444825,-1.5844482,-2.6444483,-3.0944483,-2.4944482,-1.9144483,-1.7144482,-2.1244483,-2.5144482,-2.2344482,-1.1544483,-1.1144482,-3.2344482,-8.194448,-11.894448,-11.9044485,-9.984448,-7.574448,-5.224448,-3.5144482,-3.2844481,-1.4244483,0.32555175,2.5055518,4.2255516,5.755552,6.795552,8.325552,9.125552,9.585552,9.015552,8.635551,6.8755517,5.985552,0.6655518,-3.1144483,-5.5644484,-6.264448,-8.244449,-13.464448,-14.884448,-14.184448,-11.314448,-10.814448,-11.664448,-9.124448,-7.4644485,-6.1244483,-4.8144484,-3.9044483,-2.7544482,-2.3144484,-1.9344482,-1.3744483
4.2255516,3.0455518,1.8655517,1.2955518,0.65555173,0.015551758,-0.75444824,-1.6944482,-2.0244482,-1.8044482,-1.4144483,-1.1044482,-1.6244483,-2.1944482,-1.9844482,-0.91444826,-0.15444824,-1.9744482,-4.634448,-8.854448,-10.164448,-9.474448,-8.194448,-6.204448,-4.924448,-3.6544483,-1.2344482,1.0255518,2.7755518,4.1855516,5.3955517,6.905552,8.335552,8.985552,9.955552,8.925551,7.325552,6.7855515,3.1555517,0.27555177,-3.8144484,-6.5444484,-8.004448,-8.424448,-9.164448,-9.054448,-14.064448,-14.804448,-12.534449,-11.534449,-9.744449,-7.384448,-5.264448,-4.764448,-4.1644483,-3.6044483,-2.6344483,-1.4444482,-0.6444482
3.1755517,2.1055517,1.5555518,0.83555174,0.37555176,-0.12444824,-0.99444824,-1.6744483,-1.7844483,-1.1744483,-0.40444824,-0.38444823,-1.0244483,-1.4944482,-1.1244483,0.06555176,0.40555176,-1.5144483,-1.6344483,-4.2944484,-9.164448,-9.304448,-7.554448,-6.594448,-5.424448,-3.6144483,-1.2244482,1.1055517,2.8655517,4.0355515,5.4355516,6.7455516,8.335552,8.675551,9.055552,8.5955515,6.3055515,4.445552,1.8755517,-0.5744482,-3.7744482,-6.9344482,-8.784449,-8.924448,-9.694448,-13.664448,-20.324448,-15.794448,-13.384448,-10.704449,-10.204449,-7.5644484,-5.9644485,-4.4344482,-4.114448,-2.8744483,-2.0344481,-1.3744483,-0.98444825
1.8055518,1.5155518,1.5855517,1.5255518,1.2055517,0.21555176,-0.84444827,-1.2744483,-0.38444823,0.26555175,0.5455518,0.31555176,-0.15444824,-0.38444823,-0.24444824,0.7355518,0.7255518,-1.0244483,-1.1244483,-0.61444825,-6.014448,-9.054448,-8.864449,-6.514448,-5.0044484,-2.8344483,-1.3744483,0.6755518,2.3755517,3.8755517,5.405552,6.715552,7.8055515,8.285552,7.525552,7.155552,5.7855515,4.275552,2.0355518,-0.63444823,-3.4744482,-6.594448,-8.194448,-8.464448,-8.9044485,-13.554448,-17.624449,-14.094448,-13.064448,-10.864449,-9.334448,-8.484448,-5.804448,-4.404448,-3.5044482,-2.6344483,-1.5544482,-0.98444825,-0.45444825
1.8155518,1.9855517,1.8055518,1.3055518,0.24555176,-0.35444823,-0.39444825,-0.15444824,0.61555177,1.3555517,1.5755517,1.2055517,0.5355518,0.32555175,1.0555518,1.7055517,0.83555174,-1.3944483,-0.75444824,-0.15444824,-3.2444482,-5.1244483,-8.044448,-5.954448,-3.4244483,-3.0744483,-1.2144482,-0.04444824,1.7855518,3.2555518,4.6255517,5.9555516,6.425552,6.735552,6.5855517,6.1455517,5.0355515,3.8355517,1.8555517,-0.41444823,-3.2244482,-5.284448,-6.2744484,-6.5444484,-7.6044483,-12.374448,-16.684448,-16.494448,-13.504448,-11.554448,-9.684448,-7.6644483,-6.7944484,-5.8744483,-3.1844482,-1.7244482,-1.3944483,0.35555175,1.0855517
2.2455518,1.6955518,1.2955518,1.1155517,0.70555174,0.6755518,1.0955517,1.9855517,2.6155517,2.3955517,1.7455517,1.0355518,0.7355518,0.90555173,1.6855518,1.6655518,-0.79444826,-1.4744482,-0.21444824,-0.04444824,-2.4644482,-2.0344481,-7.224448,-5.4144483,-3.1944482,-1.9444482,-1.3744483,1.0555518,2.5655518,3.1855516,3.5355518,4.595552,5.4755516,5.325552,4.845552,4.2255516,3.2355518,2.9155517,1.9455518,-0.11444824,-1.6844482,-3.6344483,-4.1644483,-4.724448,-6.0644484,-8.834448,-13.574449,-14.554448,-12.614449,-10.734448,-9.384448,-8.274448,-7.4144483,-4.614448,-2.9244483,-1.8144482,-0.62444824,0.035551757,0.58555174
1.5455518,1.5655518,1.8255517,2.1055517,2.4055517,2.9155517,3.3955517,3.5655518,3.4555519,2.7155519,1.6355518,1.1455518,1.4255518,1.8455517,1.9855517,0.28555176,-1.1844482,-0.18444824,0.56555176,-0.32444823,-1.1444483,-2.3144484,-5.534448,-4.7944484,-2.5444481,-0.8244482,-0.25444824,0.28555176,1.7155517,2.6955519,3.2155519,3.7155519,4.2255516,4.195552,3.8955517,3.2655518,2.4255517,1.8855518,1.3155518,-0.104448244,-1.6144482,-2.4644482,-3.0044482,-3.6544483,-4.264448,-6.9144483,-13.024448,-12.024448,-13.454449,-11.494449,-9.334448,-8.254448,-5.534448,-3.3244483,-1.5444483,-0.67444825,-0.7144482,-0.55444825,0.27555177
2.8555517,3.0855517,3.1055517,3.4555519,3.4655519,3.3955517,3.4855518,3.3455517,2.7755518,1.3955518,1.2255517,1.5855517,2.0355518,2.3455517,0.90555173,-1.1244483,-0.17444824,0.71555173,0.93555176,0.31555176,-0.35444823,-3.0844483,-3.0344481,-2.7544482,-2.5644484,-1.2844483,-0.12444824,0.87555176,1.5455518,1.6255517,2.7255518,3.4055517,3.5255518,3.6155517,3.4755518,2.8455517,2.1655517,1.6455518,0.94555175,0.20555176,-0.17444824,-0.85444826,-1.9144483,-2.8844483,-3.4244483,-5.6444483,-11.714448,-14.894448,-13.574449,-11.4044485,-9.354448,-5.6644483,-4.5044484,-2.8444483,-1.6444483,-0.48444825,-0.08444824,0.025551759,0.39555177
3.8855517,3.9255517,3.8355517,3.5755517,3.3855517,3.2255518,2.5055518,1.7255517,1.5055518,1.5955517,2.1555517,2.5755517,2.5355518,1.0155518,-1.2544483,-0.48444825,0.71555173,1.4255518,1.4055518,0.86555177,-1.6844482,-1.5044483,-1.6844482,-1.1244483,-2.6544483,-2.5144482,-0.99444824,0.06555176,0.93555176,2.3055518,2.7055519,3.0155518,2.9855518,3.2955518,3.4155517,3.3755517,2.9955518,2.2555518,1.6955518,1.0255518,0.12555176,-0.47444823,-1.1944482,-1.7844483,-2.1444483,-5.634448,-12.384448,-13.994449,-11.934448,-9.354448,-6.594448,-5.8544483,-4.034448,-2.7844481,-2.1144483,-1.4144483,-0.74444824,-0.6544483,-0.19444825
4.1055517,3.7055519,3.5455518,3.2855518,2.5455518,2.1555517,2.3055518,2.1755517,2.3555517,2.8355517,2.9155517,2.7255518,0.94555175,-1.2544483,-0.36444825,1.1955518,1.9355518,1.9755517,1.0355518,-0.7044482,-0.26444826,-0.35444823,-0.44444823,-0.04444824,-1.9244483,-2.0544481,-2.0444481,-0.41444823,0.94555175,1.5355518,2.0855517,2.6055517,2.9655519,3.2755518,3.3055518,3.1155517,2.7855518,2.3655517,1.7355517,1.1755518,0.87555176,0.43555176,-0.014448242,-0.84444827,-2.1044483,-7.654448,-13.1544485,-11.984448,-9.564448,-8.524448,-6.8344483,-5.3544483,-4.4444485,-3.5844483,-2.6144483,-2.1644483,-1.7544483,-1.0344483,-0.47444823
3.6555517,3.3955517,2.6355517,2.2155519,2.3455517,2.5955517,2.6855516,3.4655519,3.5055518,2.4955518,3.1755517,0.77555174,-0.53444827,0.28555176,1.0255518,1.1155517,1.0655518,1.0455518,1.1455518,1.1455518,0.55555177,0.42555177,-0.014448242,-0.20444824,-2.0344481,-2.4944482,-1.8144482,-0.28444824,1.0055518,1.5155518,2.1455517,2.8155518,3.1255517,3.1755517,3.2055519,3.3855517,3.2855518,2.9955518,2.7455518,2.3755517,1.9755517,1.3855518,0.96555173,-0.7744482,-6.614448,-11.204449,-11.454449,-9.9044485,-8.324449,-6.514448,-5.4444485,-4.744448,-4.174448,-3.4844482,-3.0944483,-2.6444483,-1.9644482,-1.4844482,-0.81444824
3.2655518,3.1255517,3.3455517,3.3855517,3.4255517,3.7955518,3.0655518,2.5355518,2.5755517,3.4955518,0.44555175,0.81555176,1.4655517,1.9555517,2.2155519,2.0955517,1.7455517,2.0455518,1.4855517,1.2555518,1.2555518,0.19555175,-1.4944482,-1.8444482,-1.7144482,-1.5344483,-1.0644482,-0.18444824,1.4755517,2.1355517,2.0855517,2.3655517,2.6655517,2.7955518,2.8555517,2.8055518,2.7455518,2.9155517,2.9955518,2.6555517,2.1855516,1.9755517,0.19555175,-6.1244483,-9.924448,-10.084448,-9.314448,-7.344448,-5.864448,-4.284448,-4.2344484,-3.5544481,-2.6744483,-2.6944482,-2.5744483,-2.3244483,-1.8744483,-0.88444823,0.24555176
4.215552,4.635552,4.8755517,4.2655516,3.3655517,2.3955517,3.1055517,3.9755518,3.6255517,1.1455518,1.9955517,2.4055517,1.9555517,2.1055517,2.3655517,2.0755517,2.1655517,2.2355518,2.6355517,2.1255517,-0.064448245,-2.1444483,-1.1444483,-0.69444823,0.04555176,0.43555176,1.0855517,1.5655518,1.9355518,2.0255518,2.2355518,2.3855517,2.8355517,3.1355517,3.2255518,3.3355517,3.5555518,3.5555518,3.5055518,3.5455518,3.2555518,-1.1444483,-6.8344483,-8.174448,-8.174448,-7.494448,-6.344448,-5.0644484,-4.3744483,-3.6344483,-2.7844481,-1.9944482,-2.2544482,-2.8544483,-2.6444483,-2.4844482,-1.5744482,-0.45444825,0.7255518
5.925552,5.545552,3.1355517,3.0555518,4.3955517,5.135552,5.1655517,3.5755517,2.0255518,3.0055518,3.0355518,2.3755517,1.7955518,1.4755517,1.6955518,1.8155518,2.1155517,1.5955517,1.5955517,-0.004448242,-1.3644482,-0.74444824,0.23555176,0.88555175,0.7855518,0.87555176,1.0155518,1.2355517,1.8355517,2.2955518,2.6455517,2.6655517,3.1855516,3.4655519,3.9355516,4.2855515,4.545552,4.9155517,4.7055516,1.9555517,-3.4644482,-7.154448,-6.804448,-6.574448,-6.1944485,-4.9844484,-4.3344483,-4.364448,-3.7444482,-4.4444485,-2.1444483,-3.0144482,-6.5444484,-5.704448,-5.784448,-5.134448,-3.4844482,-2.2444482,-0.97444826
4.385552,2.6955519,3.9355516,4.985552,5.215552,5.3155518,3.7455518,3.8155518,4.3755517,4.1455517,3.6555517,2.9955518,2.4555519,2.0955517,1.8255517,1.6755518,1.6955518,1.2455517,0.14555176,0.20555176,0.17555176,0.88555175,1.3555517,1.6455518,1.9255518,2.3155518,3.0255518,3.0555518,3.4355516,3.4655519,4.005552,3.9855518,4.215552,4.755552,5.3155518,5.8955517,4.985552,2.6455517,-1.0844482,-3.5944483,-6.574448,-6.0044484,-5.424448,-4.784448,-4.1644483,-3.5044482,-3.3544483,-2.6344483,-3.2844481,-3.9944482,-5.3144484,-6.804448,-6.8344483,-6.424448,-5.6044483,-5.0844483,-4.0644484,-3.0344481,-2.6044483
4.1055517,4.4355516,4.0355515,5.6055517,5.775552,2.9655519,3.2155519,4.5155516,4.615552,4.325552,4.1055517,3.5555518,3.3355517,2.8655517,2.5855517,2.4855518,2.4055517,2.0255518,1.8855518,1.2255517,1.4955517,1.8155518,1.9655517,1.9555517,3.0755517,4.545552,3.9555519,4.405552,4.385552,4.2855515,3.8255517,4.135552,5.0655518,5.0555515,3.7655518,1.8455517,-0.064448245,-1.9644482,-5.1944485,-6.1644483,-5.654448,-4.824448,-4.114448,-3.3744483,-2.9044483,-2.5944483,-2.7044482,-3.4444482,-4.154448,-5.9644485,-6.6044483,-6.174448,-5.654448,-5.4444485,-4.6444483,-3.4444482,-3.1344483,-2.6244483,-2.2344482
6.005552,1.4755517,5.325552,6.845552,2.3755517,2.6655517,3.9355516,4.735552,4.8955517,4.4755516,4.2055516,3.8455517,3.9255517,3.6855516,3.3255517,3.0055518,2.7255518,2.3155518,1.8655517,2.1055517,2.1255517,2.5455518,2.8155518,3.2855518,4.8355517,5.135552,4.2255516,3.8655517,3.9055517,3.6155517,4.465552,3.6455517,1.0155518,0.075551756,-0.22444825,-0.66444826,-2.0144482,-2.4644482,-4.2744484,-4.3944483,-4.1244483,-3.4944482,-2.1244483,-1.0044483,-1.6544483,-2.9644482,-3.4644482,-3.9944482,-5.1644483,-6.074448,-5.114448,-4.7344484,-4.454448,-3.7544482,-3.1644483,-2.8644483,-2.5244482,-2.2144482,-1.9344482
4.9155517,2.2055519,6.255552,4.635552,4.1255517,4.0555515,4.2455516,4.425552,4.7855515,4.6655517,3.9255517,3.7955518,3.7755518,4.1855516,3.9655519,2.9655519,2.2255518,2.0055518,2.8055518,3.4855518,3.9055517,4.385552,4.5555515,4.9955516,4.2055516,3.7455518,2.8255517,2.5855517,0.64555174,-0.35444823,-1.4644482,-1.1944482,-1.1944482,-0.98444825,-0.54444826,-1.2444482,-2.0344481,-1.8544482,-3.2144482,-3.4644482,-2.1644483,-1.6944482,-1.3644482,-0.5744482,-4.884448,-5.4344482,-5.154448,-5.6644483,-5.174448,-4.424448,-4.154448,-3.6544483,-3.5644484,-3.3544483,-2.7844481,-2.3644483,-1.9944482,-1.4344482,-1.1344483
5.865552,5.1255517,2.4355516,5.7855515,4.6855516,4.8955517,4.4555516,4.735552,4.8355517,4.0855517,3.7055519,4.2455516,3.6655517,1.8355517,1.3755517,1.9055518,2.3755517,2.8555517,3.7755518,4.575552,5.1855516,4.3155518,4.0555515,3.5955517,2.6655517,1.6055517,0.18555176,-0.24444824,-0.88444823,-1.1444483,-0.8344482,-0.7644482,-0.48444825,-0.24444824,-0.56444824,-0.8344482,-0.9544482,-1.5444483,-2.0644484,-2.2044482,-2.0744483,-1.3644482,-1.3544482,-3.9844482,-4.9444485,-5.054448,-4.8344483,-4.3944483,-3.8744483,-3.4944482,-2.7644482,-2.8444483,-3.2744482,-2.9544482,-2.2244482,-1.7144482,-1.6744483,-1.4544482,-0.8944482
5.485552,5.0555515,5.3755517,4.575552,4.865552,4.3355517,4.6255517,4.695552,2.8655517,1.3755517,1.1255517,0.71555173,0.38555175,0.23555176,1.0355518,2.5855517,3.1555517,3.8655517,4.195552,4.275552,3.3255517,1.8855518,2.3655517,1.7555518,1.3355517,0.95555174,0.30555177,0.04555176,-0.24444824,-0.41444823,-0.23444824,0.015551758,-0.024448242,-0.07444824,-0.36444825,-0.75444824,-0.81444824,-1.0344483,-1.8044482,-1.9544482,-1.8544482,-1.8344482,-2.9444482,-3.8444483,-3.8444483,-3.3944483,-3.0444481,-2.6344483,-2.6144483,-2.6544483,-2.3944483,-2.1944482,-2.4644482,-2.1544483,-1.9244483,-1.5444483,-1.2344482,-1.1244483,-0.8244482
5.8355517,5.1855516,3.7655518,4.0655518,3.4355516,3.5755517,2.5555518,1.4955517,0.19555175,-0.99444824,-0.33444825,-1.3944483,-0.014448242,0.58555174,1.5755517,2.3555517,2.7955518,3.2355518,1.8455517,1.2455517,1.7555518,1.9255518,1.9755517,1.7155517,1.4755517,1.4255518,0.77555174,0.30555177,0.28555176,0.32555175,0.50555176,0.45555174,0.65555173,0.57555175,0.29555175,-0.31444824,-0.85444826,-1.5644482,-1.6644483,-1.7544483,-1.9744482,-2.3044481,-2.3844483,-2.1844482,-2.1144483,-2.1344483,-1.6344483,-1.7944483,-2.4044483,-2.1744483,-1.6344483,-1.2544483,-1.2244482,-0.8344482,-1.0444483,-1.0444483,-0.34444824,-0.26444826,-0.04444824
6.2055516,3.3955517,1.8755517,0.88555175,1.4255518,1.5455518,0.48555174,0.41555175,-0.8344482,-2.2544482,-2.2244482,-1.9044483,-1.0644482,-0.69444823,0.48555174,1.3555517,1.8755517,2.0755517,2.7655518,2.4855518,2.1555517,2.2455518,2.3355517,2.2755518,1.6055517,-0.33444825,0.43555176,1.0155518,1.0755517,1.4055518,1.5255518,1.5355518,1.3855518,0.39555177,-0.12444824,-0.37444824,-1.3044482,-1.4944482,-1.6644483,-1.6044482,-1.7944483,-1.7644483,-1.7544483,-1.8544482,-1.5044483,-0.99444824,-0.8944482,-1.4944482,-1.4744482,-1.3444482,-1.0544482,-0.9544482,-1.0644482,-0.034448244,0.49555176,-0.30444825,-0.98444825,-0.36444825,0.20555176
