target/myProject/json/out_1.json
{"header": { "discipline":0, "disciplineName":"Meteorological products", "gribEdition":2, "gribLength":97919, "center":7, "centerName":"US National Weather Service - NCEP(WMC)", "subcenter":0, "refTime":"2018-08-13T18:00:00.000Z", "significanceOfRT":1, "significanceOfRTName":"Start of forecast", "productStatus":0, "productStatusName":"Operational products", "productType":1, "productTypeName":"Forecast products", "productDefinitionTemplate":0, "productDefinitionTemplateName":"Analysis/forecast at horizontal level/layer at a point in time", "parameterCategory":2, "parameterCategoryName":"Momentum", "parameterNumber":3, "parameterNumberName":"V-component_of_wind", "parameterUnit":"m.s-1", "genProcessType":2, "genProcessTypeName":"Forecast", "forecastTime":0, "surface1Type":103, "surface1TypeName":"Specified height level above ground", "surface1Value":10.0, "surface2Type":255, "surface2TypeName":"Missing", "surface2Value":0.0, "gridDefinitionTemplate":0, "gridDefinitionTemplateName":"Latitude_Longitude", "numberPoints":65160, "shape":6, "shapeName":"Earth spherical with radius of 6,371,229.0 m", "gridUnits":"degrees", "resolution":48, "winds":"true", "scanMode":64, "nx":360, "ny":181, "basicAngle":0, "lo1": 0.0, "la1": 90.0, "lo2": 359.0, "la2": -90.0, "dx": 1.0, "dy": 1.0 }, "data":
[rows 0 to 25 of 181, columns 0 to 58 of 360]
-4.2047033,-4.2347035,-4.2647033,-4.2947035,-4.3147035,-4.344703,-4.364703,-4.3947034,-4.4147034,-4.4347034,-4.4547033,-4.4747033,-4.4847035,-4.5047035,-4.5147033,-4.5247035,-4.5347033,-4.5447035,-4.554703,-4.5647035,-4.5647035,-4.574703,-4.574703,-4.574703,-4.574703,-4.574703,-4.574703,-4.5647035,-4.5647035,-4.554703,-4.5447035,-4.5347033,-4.5247035,-4.5147033,-4.4947033,-4.4847035,-4.4647036,-4.4447036,-4.4247036,-4.404703,-4.384703,-4.364703,-4.3347034,-4.3147035,-4.2847033,-4.2547035,-4.2247033,-4.1947036,-4.1647034,-4.1247034,-4.094703,-4.054703,-4.0147033,-3.9747033,-3.9347034,-3.8947034,-3.8547034,-3.8147035,-3.7647033
-3.6947033,-3.7947035,-3.8847034,-3.9747033,-4.0647035,-4.154703,-4.2447033,-4.3347034,-4.4247036,-4.5047035,-4.594703,-4.6647034,-4.7447033,-4.8147035,-4.8947034,-4.9647036,-5.0247035,-5.094703,-5.154703,-5.2147036,-5.2647033,-5.3147035,-5.364703,-5.404703,-5.4447036,-5.4847035,-5.5247035,-5.554703,-5.574703,-5.6047034,-5.6247034,-5.6447034,-5.6747036,-5.6847034,-5.7047033,-5.7247033,-5.7447033,-5.7447033,-5.7547035,-5.7647033,-5.7647033,-5.7747035,-5.7747035,-5.7647033,-5.7547035,-5.7647033,-5.7347035,-5.7047033,-5.6747036,-5.634703,-5.594703,-5.5347033,-5.4747033,-5.404703,-5.344703,-5.2547035,-5.1447034,-5.0447035,-4.9547033
-3.3047035,-3.3947034,-3.4847033,-3.5747035,-3.6747034,-3.7647033,-3.8547034,-3.9447033,-4.0347033,-4.1247034,-4.2047033,-4.2847033,-4.3547034,-4.4347034,-4.4947033,-4.554703,-4.6047034,-4.654703,-4.7047033,-4.7447033,-4.7947035,-4.8347034,-4.8747034,-4.9147034,-4.9547033,-4.9947033,-5.0247035,-5.0647035,-5.1047034,-5.1447034,-5.1947036,-5.2247033,-5.2747035,-5.3147035,-5.3547034,-5.384703,-5.4247036,-5.4447036,-5.4647036,-5.4647036,-5.4547033,-5.4447036,-5.404703,-5.3547034,-5.2947035,-5.2147036,-5.134703,-5.0347033,-4.9247036,-4.8147035,-4.6947036,-4.574703,-4.4547033,-4.3347034,-4.2147036,-4.094703,-3.9747033,-3.8547034,-3.7247033
-3.9947033,-4.054703,-4.1247034,-4.1847034,-4.2447033,-4.2947035,-4.344703,-4.3947034,-4.4447036,-4.4947033,-4.5447035,-4.6047034,-4.654703,-4.7147036,-4.7747035,-4.8347034,-4.8947034,-4.9447036,-5.0147033,-5.0647035,-5.1247034,-5.1747036,-5.2247033,-5.2747035,-5.3147035,-5.3547034,-5.384703,-5.404703,-5.4247036,-5.4447036,-5.4447036,-5.4447036,-5.4447036,-5.4447036,-5.4347034,-5.4147034,-5.3947034,-5.3747034,-5.344703,-5.304703,-5.2647033,-5.2047033,-5.134703,-5.054703,-4.9647036,-4.8747034,-4.7647033,-4.6647034,-4.554703,-4.4347034,-4.324703,-4.2047033,-4.094703,-3.9747033,-3.8647034,-3.7447033,-3.6447034,-3.5247033,-3.4147034
-3.6647034,-3.6947033,-3.7147033,-3.7447033,-3.7647033,-3.7947035,-3.8347034,-3.8747034,-3.9147034,-3.9647033,-4.0247035,-4.0847034,-4.154703,-4.2147036,-4.2747035,-4.3347034,-4.384703,-4.4347034,-4.4947033,-4.5447035,-4.6047034,-4.6647034,-4.7447033,-4.8147035,-4.904703,-4.9847035,-5.0847034,-5.1847034,-5.2747035,-5.3747034,-5.4647036,-5.5247035,-5.5847034,-5.634703,-5.654703,-5.6747036,-5.6747036,-5.654703,-5.614703,-5.5347033,-5.4347034,-5.304703,-5.1847034,-5.0647035,-4.9347034,-4.824703,-4.7347035,-4.6447034,-4.574703,-4.4947033,-4.4247036,-4.344703,-4.2747035,-4.1947036,-4.1247034,-4.0647035,-3.9947033,-3.9247034,-3.8547034
-1.9347034,-2.0147033,-2.1147034,-2.1947033,-2.2947035,-2.3747034,-2.4647033,-2.5447035,-2.6247034,-2.6947033,-2.7947035,-2.8747034,-2.9847033,-3.0847034,-3.1847034,-3.3047035,-3.4347034,-3.5647035,-3.7147033,-3.8647034,-4.0347033,-4.1947036,-4.364703,-4.5147033,-4.6747036,-4.8347034,-5.0047035,-5.1447034,-5.2947035,-5.4247036,-5.5347033,-5.614703,-5.6747036,-5.7047033,-5.7747035,-5.7447033,-5.7147036,-5.654703,-5.6247034,-5.594703,-5.574703,-5.574703,-5.574703,-5.5647035,-5.5247035,-5.4547033,-5.3747034,-5.2747035,-5.1847034,-5.0847034,-5.0147033,-4.9347034,-4.864703,-4.7747035,-4.6847034,-4.5847034,-4.4847035,-4.384703,-4.2647033
-1.0447034,-1.2047033,-1.3747034,-1.5647033,-1.7647034,-1.9647033,-2.1647034,-2.3647034,-2.5447035,-2.7347033,-2.9047034,-3.0847034,-3.2547033,-3.4247034,-3.5747035,-3.7347033,-3.8847034,-4.0347033,-4.1947036,-4.3547034,-4.5147033,-4.6747036,-4.8347034,-4.9847035,-5.094703,-5.1947036,-5.2347035,-5.304703,-5.4247036,-5.5447035,-5.6747036,-5.8147035,-5.8547034,-5.864703,-5.844703,-5.824703,-5.824703,-5.844703,-5.8747034,-5.8947034,-5.904703,-5.884703,-5.8347034,-5.7547035,-5.6847034,-5.6247034,-5.574703,-5.5147033,-5.4547033,-5.3747034,-5.304703,-5.2347035,-5.1747036,-5.114703,-5.0647035,-5.0047035,-4.9447036,-4.8547034,-4.7747035
-1.6047034,-1.8747034,-2.1647034,-2.4247034,-2.6747034,-2.8747034,-3.0647035,-3.2347033,-3.4147034,-3.6047034,-3.7847033,-3.9547033,-4.0847034,-4.2147036,-4.3347034,-4.4547033,-4.554703,-4.654703,-4.7347035,-4.7847033,-4.8147035,-4.864703,-4.9447036,-5.054703,-5.1847034,-5.3547034,-5.5647035,-5.7647033,-5.9247036,-5.9947033,-6.0147033,-5.9747033,-5.9847035,-5.9947033,-6.0147033,-6.0247035,-6.0347033,-6.0147033,-5.9747033,-5.904703,-5.8347034,-5.7847033,-5.7547035,-5.7647033,-5.7847033,-5.7847033,-5.7947035,-5.7947035,-5.7947035,-5.804703,-5.804703,-5.804703,-5.7947035,-5.7847033,-5.7747035,-5.7247033,-5.6647034,-5.574703,-5.4747033
-2.8547034,-3.1847034,-3.4247034,-3.5847034,-3.6947033,-3.8047035,-3.9347034,-4.0647035,-4.1747036,-4.2747035,-4.344703,-4.3947034,-4.4347034,-4.4547033,-4.4347034,-4.4147034,-4.4347034,-4.5247035,-4.7047033,-4.9647036,-5.2447033,-5.5347033,-5.844703,-6.2047033,-6.594703,-6.864703,-6.9447036,-6.7947035,-6.554703,-6.344703,-6.2647033,-6.344703,-6.4847035,-6.6047034,-6.634703,-6.5847034,-6.5147033,-6.4747033,-6.4547033,-6.4247036,-6.3347034,-6.1847034,-6.0347033,-5.9247036,-5.864703,-5.844703,-5.8147035,-5.7247033,-5.5847034,-5.4147034,-5.2247033,-5.0347033,-4.8547034,-4.654703,-4.4647036,-4.2947035,-4.1447034,-4.0047035,-3.8747034
-6.9747033,-7.074703,-7.1747036,-7.2747035,-7.3747034,-7.4147034,-7.5147033,-7.634703,-7.8347034,-8.034703,-8.194703,-8.2947035,-8.284703,-8.224704,-8.154703,-8.144703,-8.164703,-8.174704,-8.124703,-8.034703,-7.9247036,-7.844703,-7.6747036,-7.5847034,-7.4947033,-7.4547033,-7.4547033,-7.4847035,-7.4847035,-7.3947034,-7.2347035,-6.9847035,-6.7247033,-6.4947033,-6.3147035,-6.134703,-5.9447036,-5.7147036,-5.4947033,-5.2847033,-5.114703,-4.9747033,-4.864703,-4.7547035,-4.6447034,-4.554703,-4.4547033,-4.344703,-4.1947036,-4.0347033,-3.8347034,-3.6347034,-3.4147034,-3.1947033,-2.9747033,-2.7647033,-2.5847034,-2.4347034,-2.3147035
-6.1647034,-6.154703,-6.0347033,-5.8547034,-5.6747036,-5.5647035,-5.574703,-5.6447034,-5.7547035,-5.864703,-5.904703,-5.884703,-5.8947034,-5.904703,-5.8547034,-5.7347035,-5.594703,-5.4447036,-5.3147035,-5.2847033,-5.304703,-5.2347035,-5.074703,-4.904703,-4.7747035,-4.6647034,-4.574703,-4.5047035,-4.4547033,-4.3947034,-4.304703,-4.1847034,-4.074703,-4.0047035,-3.9247034,-3.8347034,-3.7447033,-3.6647034,-3.5847034,-3.5147033,-3.4447033,-3.3247035,-3.1547034,-2.9347034,-2.6647034,-2.3547034,-1.9947034,-1.5547034,-1.0647033,-0.56470335,-0.14470337,0.18529662,0.43529662,0.63529664,0.7952966,0.9252966,1.0152966,1.0552967,1.0852966
-5.2047033,-5.0847034,-4.904703,-4.6747036,-4.4947033,-4.4247036,-4.4247036,-4.4247036,-4.2947035,-4.1647034,-4.1047034,-4.154703,-4.134703,-4.0347033,-3.9347034,-3.8847034,-3.8747034,-3.8547034,-3.7847033,-3.6547034,-3.5047033,-3.3647034,-3.2947035,-3.2847033,-3.2847033,-3.2447033,-3.2247033,-3.2847033,-3.3947034,-3.4547033,-3.4347034,-3.3147035,-3.1447034,-2.9647033,-2.8347034,-2.7347033,-2.6447034,-2.5147033,-2.3247035,-2.0947034,-1.8447033,-1.5747033,-1.2347034,-0.75470334,-0.17470337,0.41529664,0.93529665,1.3752966,1.7352966,2.0652966,2.3252966,2.5252967,2.6752965,2.7852967,2.8452966,2.8952966,2.9752967,3.0552967,3.0652966
-3.8447034,-3.8847034,-4.0047035,-4.054703,-4.0447035,-3.9947033,-3.9347034,-3.8647034,-3.7647033,-3.6447034,-3.4347034,-3.1647034,-2.9747033,-2.9247034,-2.9247034,-2.8847034,-2.8647034,-2.8947034,-2.8647034,-2.8247035,-2.8347034,-2.8347034,-2.7747033,-2.6947033,-2.6647034,-2.6547034,-2.5747035,-2.4847033,-2.3947034,-2.3047035,-2.2647033,-2.2147033,-2.0947034,-2.0347033,-2.0347033,-2.0047033,-1.9047034,-1.8047034,-1.6647034,-1.4047034,-0.9747034,-0.41470337,0.20529664,0.74529666,1.1652967,1.5552967,1.9852966,2.4052966,2.7652967,3.0752966,3.2652967,3.3752966,3.5452967,3.8252966,4.0652966,4.2052965,4.385297,4.6852965,4.9152966
-3.3047035,-3.2347033,-3.3447034,-3.4947033,-3.5547035,-3.5347033,-3.4547033,-3.2047033,-2.8447034,-2.7147033,-2.7647033,-2.8247035,-2.6747034,-2.4147034,-2.3647034,-2.4847033,-2.5447035,-2.6147034,-2.6347034,-2.5247033,-2.3947034,-2.3647034,-2.4447033,-2.4947033,-2.5147033,-2.5747035,-2.6647034,-2.6747034,-2.5547035,-2.3347034,-2.0947034,-1.9347034,-1.7147033,-1.3947034,-1.0647033,-0.75470334,-0.45470336,-0.11470337,0.26529664,0.69529665,1.0952966,1.4752966,1.8052967,2.1052966,2.3352966,2.5652966,2.7352967,2.8152966,2.9552965,3.2552967,3.6652966,4.0052967,4.2252965,4.445297,4.8052964,5.2552967,5.675297,5.9752965,5.905297
-2.6247034,-2.4247034,-2.2547033,-2.1247034,-1.9847034,-1.8247033,-1.6647034,-1.5447034,-1.5447034,-1.6547034,-1.7447034,-1.8747034,-2.0647035,-2.1247034,-2.0347033,-1.8947034,-1.8247033,-1.7347034,-1.6547034,-1.5947033,-1.5147034,-1.3847034,-1.2147033,-1.0547034,-0.94470334,-0.66470337,-0.17470337,0.41529664,0.9852966,1.4452966,1.7552966,1.8952966,1.9352967,1.9252967,1.9352967,1.9652966,1.9952966,2.0352967,2.1252966,2.2452967,2.4452965,2.6952965,2.8952966,3.0052967,3.1352966,3.3252966,3.4652967,3.5952966,3.8952966,4.2452965,4.4352965,4.6652966,5.135297,5.5652966,6.0552964,6.5852966,6.8752966,7.0552964,7.5752964
0.34529662,0.7252966,1.0152966,1.0852966,0.9052966,0.7952966,0.58529663,0.25529662,0.005296631,-0.13470337,-0.19470337,-0.24470337,-0.27470338,-0.20470338,-0.024703369,0.21529663,0.5252966,0.95529664,1.4352967,1.9152967,2.2852967,2.4352965,2.4152966,2.5452967,2.9852967,3.5352967,3.9352965,4.195297,4.4652967,4.7952967,5.0252967,4.9652967,4.5652966,4.095297,3.7252967,3.3352966,3.0152967,2.9452965,2.9752967,2.9952967,3.0352967,3.0452967,3.0552967,3.1252966,3.2652967,3.4552965,3.7052965,4.0152965,4.3052964,4.445297,4.6852965,5.2052965,5.6852965,6.135297,6.8252964,7.3952966,7.655297,7.925297,8.575296
6.175297,4.845297,3.6252966,2.8052967,2.0552967,1.5252967,1.3252966,1.2352966,1.1952966,1.3752966,1.7452966,2.1252966,2.4552965,2.8352966,3.3652966,3.9152966,4.2952967,4.4352965,4.5852966,4.8752966,5.2752967,5.5852966,5.655297,5.5352964,5.4652967,5.615297,6.2052965,7.1852965,7.9852967,8.265297,7.7252965,6.5752964,5.7652965,5.3052964,4.6452966,3.9652967,3.6652966,3.6252966,3.5752966,3.4952967,3.5252967,3.6652966,3.8152966,3.7952967,3.7052965,3.7252967,3.8552966,4.0052967,4.175297,4.3952966,4.7452965,5.1652966,5.5752964,5.905297,6.1652966,6.4552965,6.4952965,6.2352967,6.425297
5.3952966,0.76529664,0.55529666,0.46529663,0.39529663,0.41529664,0.7952966,2.3252966,3.9052966,4.5052967,4.365297,4.155297,4.135297,4.7252965,5.7852964,6.8952966,7.1652966,6.865297,7.2152967,8.165297,8.945296,9.545297,9.345297,7.8152966,6.175297,5.8252964,7.7952967,10.155296,10.4952965,8.7452965,6.5552964,5.595297,5.5052967,5.3252964,4.945297,4.5152965,4.0352964,3.9952967,4.3252964,4.5052967,4.385297,4.345297,4.385297,4.2952967,4.095297,3.8552966,3.7752967,3.8452966,3.9252965,4.095297,4.3552966,4.5852966,4.845297,5.2152967,5.5852966,5.7552967,5.925297,6.1852965,6.3052964
1.5152966,4.4352965,5.1452966,4.4552965,5.9652967,5.7452965,8.785296,8.965297,9.335297,7.3052964,7.3152966,6.0152965,6.675297,9.595297,11.4952965,9.715297,8.335297,10.115296,9.895297,9.045297,9.045297,7.655297,5.2552967,4.7952967,5.675297,8.065296,10.805297,12.855297,9.145297,6.9352965,5.4352965,4.7952967,4.7952967,4.6852965,4.2752967,3.9552965,3.7952967,3.8952966,4.2052965,4.365297,4.2052965,3.9152966,3.7352967,3.6152966,3.4352965,3.2052965,2.9852967,2.9652967,3.1752965,3.4552965,3.8152966,4.2252965,4.635297,4.8052964,4.8352966,4.9652967,5.3252964,5.845297,6.3352966
-1.7047033,-0.20470338,2.6252966,5.7852964,7.6452966,7.7852964,8.875297,9.2052965,5.0352964,3.5052967,6.3152966,8.785296,10.095297,9.805297,9.905296,8.925297,7.2552967,6.7452965,7.2952967,7.4152966,6.8252964,6.3052964,6.6852965,8.075296,8.875297,7.9752965,5.9852967,5.8352966,6.5452967,5.9652967,4.9352965,4.2152967,3.8452966,4.0352964,3.9652967,2.9852967,2.3852966,2.3652966,2.7252967,2.8652966,2.5152967,1.6552967,1.2752967,1.2052966,1.0452967,1.0052966,1.3252966,1.7552966,2.0952966,2.3552966,2.9452965,3.7352967,4.095297,4.135297,4.3252964,4.9352965,5.595297,6.1252966,6.695297
1.6452966,3.7852967,4.365297,4.2452965,5.0052967,5.925297,5.8952966,4.4952965,3.3552966,3.3652966,3.6552966,3.8552966,3.7152967,4.1052966,4.3552966,4.8352966,5.885297,5.8952966,5.695297,6.0552964,5.7752967,6.1052966,7.135297,6.5752964,5.5652966,4.9152966,4.2152967,3.5852966,2.8652966,2.5452967,2.9552965,3.3252966,3.5652966,3.1652966,2.0352967,3.3652966,4.9352965,6.5152965,5.4652967,1.0252967,-0.34470338,0.27529663,-0.06470337,-0.27470338,-0.47470337,-0.26470336,0.25529662,0.9152966,1.4252967,2.3652966,3.2252967,3.4052966,3.5352967,4.445297,5.6452966,6.3152966,6.6852965,7.5552964,8.835297
3.2652967,4.6852965,5.4352965,5.7452965,5.8552966,5.405297,4.9652967,4.7552967,4.3952966,4.2452965,4.3552966,4.3552966,4.2752967,4.5452967,5.0552964,5.5352964,6.0252967,6.405297,6.5852966,6.7252965,7.0452967,7.095297,6.4352965,5.1852965,3.8652966,2.7952967,2.0952966,1.5452967,0.9052966,0.29529664,-0.044703368,-0.45470336,-0.7647034,0.8452966,3.4552965,3.2652967,3.0652966,3.7952967,3.8752966,1.5752966,-1.9147034,-0.8447034,0.14529663,-0.15470336,0.09529663,0.70529664,1.6952966,2.7552967,2.9852967,2.8752966,2.8252966,3.2852967,3.8052967,4.1052966,5.0452967,5.9852967,6.865297,8.005297,8.765297
4.7752967,5.2552967,5.6252966,5.7352967,5.5752964,5.2452965,4.905297,4.595297,4.3352966,4.6052966,5.1052966,5.4952965,5.7752967,5.9352965,6.0252967,6.4652967,7.0052967,7.2052965,7.2152967,7.095297,6.5452967,5.7052965,4.9652967,4.3752966,3.8152966,3.0952966,2.1752965,1.3152966,0.82529664,0.58529663,0.44529665,0.48529664,0.48529664,0.16529663,-0.33470336,-0.54470336,-1.0347034,-1.5147034,-1.9547033,-1.6747034,-0.80470335,-0.9047034,-1.6347034,0.20529664,3.4652967,4.9952965,4.8052964,3.5252967,6.135297,3.3752966,1.4552966,1.4352967,-0.074703366,1.1452966,3.0852966,5.1252966,7.5252967,9.9952965,12.315296
5.2452965,5.2852964,5.405297,5.3552966,5.1652966,4.9752965,4.8352966,4.7052965,4.7052965,4.9752965,5.4152966,5.885297,6.3252964,6.8952966,7.2752967,7.4552965,7.425297,7.675297,7.5252967,7.0852966,6.905297,6.345297,4.5252967,2.3452966,1.2652966,0.6552966,0.05529663,-0.49470338,-1.0247034,-1.4447033,-1.6947033,-1.9247034,-2.1447034,-2.1747034,-1.9747033,-1.7247033,-1.6447034,-1.7747034,-1.9247034,-1.9947034,-2.1147034,-2.2547033,-1.4047034,-0.27470338,0.74529666,1.5052966,1.3452966,3.5752966,4.945297,3.9552965,3.4552965,1.3752966,3.1552966,3.4952967,2.8052967,2.8052967,2.0252967,6.3752966,9.255297
5.1452966,4.9952965,4.9852967,5.0152965,5.0252967,5.1052966,5.195297,5.195297,5.2852964,5.4552965,5.675297,6.0652966,6.5452967,6.9752965,7.615297,7.8952966,7.905297,7.7052965,7.7252965,7.865297,7.345297,4.7652965,2.2252967,1.8252966,0.9252966,-0.55470335,-1.4247034,-1.6547034,-1.8047034,-2.0447035,-2.3847034,-2.5047033,-2.5147033,-2.6647034,-2.5547035,-2.3247035,-2.0847034,-1.8947034,-1.8247033,-1.9747033,-2.1047034,-2.1947033,-2.0047033,-0.7247034,0.41529664,1.1452966,2.2852967,3.3152966,4.2652965,4.5452967,4.1452966,6.1452966,1.4852966,5.9352965,10.845297,13.805297,13.7052965,12.075296,11.435297
5.115297,5.2852964,5.8252964,6.0552964,5.9752965,5.8552966,5.885297,6.0352964,6.2052965,6.385297,6.6452966,6.8052964,6.8552966,6.9752965,7.2952967,7.5852966,7.6452966,7.3752966,6.7552967,6.2952967,5.7952967,4.7552967,2.7552967,0.28529662,0.76529664,-1.7447034,-3.4347034,-3.2747033,-3.3147035,-3.2047033,-3.2347033,-3.0947034,-2.9647033,-2.8547034,-2.6647034,-2.4947033,-2.3447034,-2.2147033,-2.1147034,-2.0047033,-2.0047033,-2.0447035,-2.0647035,-2.4747033,-2.5447035,-1.8347033,-0.5947034,1.9452966,4.0852966,4.9352965,5.9352965,7.5852966,8.7452965,8.675297,12.265297,13.075296,13.905296,13.475297,13.025296
