target/myProject/json/out_1.json
{"header": { "discipline":0, "disciplineName":"Meteorological products", "gribEdition":2, "gribLength":106064, "center":7, "centerName":"US National Weather Service - NCEP(WMC)", "subcenter":0, "refTime":"2018-08-13T18:00:00.000Z", "significanceOfRT":1, "significanceOfRTName":"Start of forecast", "productStatus":0, "productStatusName":"Operational products", "productType":1, "productTypeName":"Forecast products", "productDefinitionTemplate":0, "productDefinitionTemplateName":"Analysis/forecast at horizontal level/layer at a point in time", "parameterCategory":2, "parameterCategoryName":"Momentum", "parameterNumber":2, "parameterNumberName":"U-component_of_wind", "parameterUnit":"m.s-1", "genProcessType":2, "genProcessTypeName":"Forecast", "forecastTime":0, "surface1Type":103, "surface1TypeName":"Specified height level above ground", "surface1Value":10.0, "surface2Type":255, "surface2TypeName":"Missing", "surface2Value":0.0, "gridDefinitionTemplate":0, "gridDefinitionTemplateName":"Latitude_Longitude", "numberPoints":65160, "shape":6, "shapeName":"Earth spherical with radius of 6,371,229.0 m", "gridUnits":"degrees", "resolution":48, "winds":"true", "scanMode":64, "nx":360, "ny":181, "basicAngle":0, "lo1": 0.0, "la1": 90.0, "lo2": 359.0, "la2": -90.0, "dx": 1.0, "dy": 1.0 }, "data":
[rows 0 to 25 of 181, columns 300 to 359 of 360]
-4.546228,-4.536228,-4.526228,-4.516228,-4.496228,-4.486228,-4.466228,-4.446228,-4.426228,-4.406228,-4.386228,-4.366228,-4.336228,-4.316228,-4.286228,-4.256228,-4.226228,-4.196228,-4.166228,-4.126228,-4.096228,-4.056228,-4.016228,-3.976228,-3.936228,-3.896228,-3.856228,-3.816228,-3.766228,-3.716228,-3.676228,-3.626228,-3.5762281,-3.526228,-3.476228,-3.426228,-3.366228,-3.316228,-3.256228,-3.206228,-3.146228,-3.0862281,-3.026228,-2.966228,-2.906228,-2.8462281,-2.776228,-2.716228,-2.646228,-2.5862281,-2.516228,-2.456228,-2.386228,-2.316228,-2.246228,-2.176228,-2.106228,-2.036228,-1.966228,-1.8862281
-4.656228,-4.696228,-4.746228,-4.776228,-4.816228,-4.856228,-4.896228,-4.926228,-4.9562283,-4.986228,-5.026228,-5.046228,-5.066228,-5.086228,-5.116228,-5.136228,-5.146228,-5.156228,-5.166228,-5.176228,-5.196228,-5.196228,-5.196228,-5.2062283,-5.216228,-5.2062283,-5.2062283,-5.196228,-5.196228,-5.196228,-5.186228,-5.176228,-5.176228,-5.166228,-5.156228,-5.146228,-5.136228,-5.116228,-5.106228,-5.086228,-5.066228,-5.046228,-5.026228,-5.006228,-4.986228,-4.966228,-4.946228,-4.916228,-4.886228,-4.856228,-4.826228,-4.796228,-4.766228,-4.736228,-4.7062283,-4.666228,-4.626228,-4.586228,-4.536228,-4.496228
-5.316228,-5.266228,-5.226228,-5.166228,-5.106228,-5.046228,-4.986228,-4.946228,-4.906228,-4.896228,-4.886228,-4.886228,-4.906228,-4.926228,-4.966228,-4.996228,-5.046228,-5.086228,-5.136228,-5.186228,-5.226228,-5.276228,-5.336228,-5.396228,-5.4562283,-5.516228,-5.586228,-5.656228,-5.726228,-5.796228,-5.846228,-5.896228,-5.946228,-5.976228,-6.016228,-6.026228,-6.026228,-6.016228,-6.016228,-5.996228,-5.976228,-5.946228,-5.906228,-5.856228,-5.806228,-5.756228,-5.696228,-5.636228,-5.566228,-5.506228,-5.426228,-5.356228,-5.266228,-5.196228,-5.116228,-5.036228,-4.966228,-4.906228,-4.836228,-4.786228
-5.986228,-5.796228,-5.606228,-5.4562283,-5.336228,-5.296228,-5.316228,-5.396228,-5.516228,-5.656228,-5.796228,-5.946228,-6.056228,-6.156228,-6.2062283,-6.216228,-6.196228,-6.166228,-6.126228,-6.086228,-6.036228,-5.986228,-5.946228,-5.916228,-5.916228,-5.966228,-6.046228,-6.146228,-6.256228,-6.356228,-6.446228,-6.536228,-6.586228,-6.616228,-6.626228,-6.616228,-6.606228,-6.586228,-6.586228,-6.576228,-6.566228,-6.556228,-6.546228,-6.516228,-6.476228,-6.416228,-6.346228,-6.266228,-6.176228,-6.076228,-5.966228,-5.866228,-5.766228,-5.666228,-5.566228,-5.466228,-5.386228,-5.296228,-5.216228,-5.166228
-7.926228,-7.066228,-6.306228,-5.696228,-5.296228,-5.026228,-4.946228,-5.026228,-5.186228,-5.376228,-5.576228,-5.796228,-5.996228,-6.176228,-6.296228,-6.376228,-6.446228,-6.436228,-6.466228,-6.506228,-6.536228,-6.526228,-6.516228,-6.476228,-6.406228,-6.286228,-6.116228,-5.936228,-5.756228,-5.596228,-5.476228,-5.466228,-5.516228,-5.646228,-5.826228,-6.006228,-6.166228,-6.276228,-6.346228,-6.376228,-6.366228,-6.336228,-6.306228,-6.286228,-6.266228,-6.246228,-6.236228,-6.196228,-6.146228,-6.096228,-6.036228,-5.966228,-5.896228,-5.836228,-5.776228,-5.716228,-5.636228,-5.566228,-5.466228,-5.366228
-4.4562283,-5.856228,-6.9562283,-7.636228,-7.876228,-7.746228,-7.406228,-7.006228,-6.566228,-6.216228,-6.056228,-5.986228,-5.966228,-5.986228,-6.046228,-6.116228,-6.166228,-6.196228,-6.196228,-6.196228,-6.266228,-6.386228,-6.566228,-6.756228,-6.916228,-7.056228,-7.166228,-7.116228,-7.066228,-6.996228,-6.916228,-6.856228,-6.846228,-6.926228,-7.076228,-7.276228,-7.536228,-7.806228,-7.976228,-8.086228,-8.126228,-8.096228,-8.006228,-7.896228,-7.7062283,-7.476228,-7.316228,-7.176228,-7.076228,-7.016228,-6.996228,-6.976228,-6.9562283,-6.906228,-6.826228,-6.736228,-6.646228,-6.546228,-6.476228,-6.386228
-4.296228,-5.516228,-6.466228,-5.946228,-4.486228,-5.216228,-4.496228,-3.696228,-3.416228,-3.3362281,-3.406228,-3.5762281,-3.926228,-4.626228,-5.806228,-7.316228,-8.676228,-9.446228,-9.536228,-9.226228,-8.806228,-8.4662285,-8.236228,-8.076228,-7.926228,-7.786228,-7.7062283,-7.676228,-7.7062283,-7.726228,-7.716228,-7.636228,-7.466228,-7.326228,-7.366228,-7.586228,-8.016228,-8.456228,-8.816228,-8.986228,-8.956228,-8.796228,-8.586228,-8.386228,-8.236228,-8.146228,-8.116228,-8.156228,-8.206228,-8.2162285,-8.136228,-7.986228,-7.746228,-7.576228,-7.4562283,-7.336228,-7.236228,-7.126228,-7.036228,-6.9562283
2.213772,1.313772,-0.17622803,-1.416228,-2.176228,-2.696228,-3.626228,-3.866228,-4.036228,-1.9062281,1.323772,3.813772,4.123772,2.6637719,0.95377195,-0.68622804,-2.916228,-6.406228,-10.136228,-12.186228,-12.046228,-10.406228,-8.496228,-7.366228,-7.216228,-7.586228,-7.966228,-8.176228,-8.226228,-8.196228,-8.106228,-7.9562283,-7.776228,-7.576228,-7.356228,-7.256228,-7.306228,-7.486228,-7.776228,-8.176228,-8.566228,-8.976228,-9.366228,-9.616228,-9.646228,-9.436228,-9.056228,-8.616228,-8.256228,-8.046228,-7.906228,-7.766228,-7.7062283,-7.646228,-7.596228,-7.606228,-7.696228,-7.676228,-7.536228,-7.376228
1.913772,1.9837719,2.203772,2.553772,2.893772,3.063772,3.063772,3.063772,3.193772,3.223772,2.6637719,1.503772,0.25377196,-0.20622803,0.30377197,1.133772,0.673772,-1.666228,-4.756228,-6.7062283,-7.266228,-7.2062283,-7.136228,-7.196228,-7.346228,-7.386228,-7.266228,-7.196228,-7.496228,-8.006228,-8.2162285,-7.446228,-6.2062283,-5.386228,-5.476228,-6.216228,-7.226228,-8.026228,-8.566228,-8.816228,-8.766228,-8.576228,-8.536228,-8.926228,-9.4662285,-9.7162285,-9.356228,-8.686228,-8.026228,-7.506228,-7.136228,-6.876228,-6.656228,-6.436228,-6.256228,-6.096228,-5.9562283,-5.866228,-5.886228,-6.016228
0.20377198,-0.15622802,-0.596228,-0.896228,-1.056228,-1.256228,-1.466228,-1.226228,-0.34622803,0.70377195,1.453772,2.063772,2.753772,3.363772,3.613772,3.583772,3.523772,3.563772,3.243772,1.9737719,-0.24622802,-2.266228,-3.536228,-4.866228,-7.176228,-9.606228,-11.096228,-11.196228,-10.266228,-9.016228,-8.166228,-7.666228,-7.026228,-6.136228,-5.436228,-4.936228,-4.656228,-4.716228,-5.106228,-5.766228,-6.9562283,-9.036228,-10.356228,-10.056228,-8.566228,-7.196228,-6.846228,-6.806228,-6.626228,-6.186228,-5.656228,-5.346228,-5.366228,-5.4562283,-5.406228,-5.266228,-5.186228,-5.136228,-5.036228,-4.986228
-1.116228,-0.636228,-0.18622802,0.23377198,0.803772,1.523772,1.693772,0.603772,-1.466228,-3.356228,-3.956228,-3.726228,-3.016228,-1.3862281,1.083772,3.583772,4.683772,4.213772,3.513772,3.503772,3.263772,2.433772,1.663772,1.333772,1.143772,0.69377196,-0.17622803,-1.0262281,-1.376228,-1.5162281,-2.146228,-3.206228,-3.966228,-4.626228,-5.726228,-6.836228,-7.426228,-7.476228,-7.726228,-8.946228,-10.4662285,-10.976228,-10.166228,-8.786228,-8.236228,-8.556228,-8.696228,-8.046228,-7.236228,-6.926228,-6.856228,-7.026228,-7.396228,-7.386228,-6.846228,-6.236228,-5.9562283,-5.936228,-5.966228,-5.936228
-0.516228,-0.29622802,-0.056228027,0.24377197,0.63377196,0.973772,0.993772,1.013772,1.453772,1.273772,-0.16622803,-1.086228,-0.596228,0.20377198,0.44377196,0.413772,0.0037719726,-1.5362281,-2.146228,-1.0262281,-0.14622803,-0.27622804,-0.696228,-1.346228,-2.116228,-1.9062281,-0.576228,1.433772,3.183772,3.343772,1.953772,0.24377197,-0.39622802,0.51377195,1.793772,2.083772,1.773772,1.7237719,1.683772,0.773772,-0.976228,-3.036228,-4.616228,-5.126228,-4.986228,-5.076228,-5.826228,-6.676228,-7.056228,-7.036228,-7.146228,-7.316228,-7.416228,-7.246228,-6.906228,-6.796228,-6.966228,-6.936228,-6.766228,-6.786228
-1.816228,-1.666228,-1.426228,-1.176228,-0.85622805,-0.37622803,0.17377198,0.58377194,1.123772,2.323772,3.043772,1.5937719,-0.46622804,-0.32622802,0.863772,0.43377197,-1.186228,-1.506228,-0.49622804,-0.08622803,-0.49622804,-0.41622803,1.7137719,4.173772,1.6037719,-5.626228,-9.026228,-5.316228,-0.966228,0.48377198,0.863772,1.123772,0.993772,0.51377195,0.04377197,-0.336228,-0.54622805,-0.87622803,-1.996228,-3.506228,-4.7062283,-5.166228,-4.976228,-4.786228,-4.886228,-5.126228,-5.696228,-6.606228,-7.086228,-7.036228,-6.9562283,-7.176228,-7.466228,-7.486228,-7.336228,-7.306228,-7.196228,-6.916228,-6.966228,-7.156228
-2.366228,-2.256228,-2.176228,-2.016228,-1.616228,-0.906228,0.023771973,0.913772,1.513772,1.743772,1.573772,1.203772,0.773772,0.49377197,0.37377197,0.28377196,0.34377196,0.713772,1.2337719,1.793772,2.483772,3.263772,3.6637719,3.563772,3.983772,4.983772,4.523772,0.93377197,-5.366228,-10.046228,-9.656228,-6.336228,-4.766228,-5.336228,-5.556228,-4.216228,-2.816228,-2.476228,-2.716228,-3.466228,-4.7062283,-5.746228,-6.086228,-5.906228,-5.786228,-6.006228,-6.716228,-7.416228,-7.326228,-6.476228,-6.036228,-6.296228,-6.536228,-6.526228,-6.536228,-6.626228,-6.626228,-6.596228,-6.676228,-6.766228
-2.176228,-2.176228,-2.466228,-2.626228,-2.696228,-2.626228,-2.246228,-1.7762281,-1.1462281,-0.526228,-0.04622803,0.30377197,0.533772,0.603772,0.62377197,0.793772,1.283772,1.9837719,2.693772,3.363772,3.993772,4.463772,4.823772,5.193772,5.553772,5.903772,6.033772,5.503772,4.863772,5.363772,6.083772,4.933772,2.093772,-1.326228,-3.626228,-5.056228,-5.556228,-5.086228,-5.596228,-7.966228,-9.436228,-9.166228,-9.196228,-10.256228,-11.2162285,-12.326228,-12.976228,-11.826228,-10.346228,-9.736228,-9.236228,-8.346228,-7.646228,-7.116228,-6.756228,-6.516228,-6.276228,-6.416228,-6.886228,-7.226228
-0.81622803,-2.0962281,-2.476228,-2.546228,-2.876228,-3.006228,-3.036228,-2.996228,-2.916228,-2.786228,-2.5862281,-2.256228,-1.756228,-1.056228,-0.21622802,0.593772,1.3537719,2.103772,2.803772,3.323772,3.753772,4.283772,4.883772,5.373772,5.773772,6.073772,6.333772,6.5437717,6.733772,6.843772,6.813772,6.603772,6.193772,5.713772,5.103772,4.713772,5.0437717,5.443772,5.283772,2.983772,-0.23622803,-2.0762281,-3.256228,-3.516228,-4.876228,-4.906228,-4.476228,-5.536228,-6.616228,-7.606228,-9.086228,-9.106228,-7.686228,-7.306228,-7.756228,-7.116228,-6.246228,-6.396228,-6.986228,-7.256228
-1.226228,0.09377197,-1.1562281,-1.816228,-2.3262281,-2.976228,-3.276228,-3.446228,-3.516228,-3.456228,-3.286228,-2.986228,-2.486228,-1.846228,-1.076228,-0.23622803,0.62377197,1.4637719,2.233772,2.9037719,3.473772,3.973772,4.493772,4.993772,5.433772,5.803772,6.113772,6.323772,6.463772,6.5437717,6.483772,6.423772,6.323772,6.413772,6.513772,6.493772,6.233772,5.503772,4.703772,4.023772,3.873772,3.023772,1.9837719,1.9837719,2.273772,2.003772,-2.0962281,-6.356228,-7.676228,-7.236228,-8.626228,-10.836228,-10.806228,-9.826228,-11.166228,-13.496228,-11.026228,-7.236228,-5.746228,-5.296228
0.75377196,0.13377197,0.20377198,-0.56622803,-1.476228,-2.496228,-3.186228,-3.516228,-3.696228,-3.766228,-3.776228,-3.706228,-3.5762281,-3.376228,-3.0962281,-2.696228,-2.106228,-1.3862281,-0.536228,0.36377198,1.293772,2.1637719,2.943772,3.603772,4.193772,4.703772,5.153772,5.493772,5.723772,5.923772,5.983772,6.113772,6.133772,6.163772,6.223772,6.283772,6.193772,5.803772,5.423772,5.073772,5.063772,4.493772,4.023772,5.963772,7.263772,4.873772,0.603772,-3.0862281,-4.086228,-4.896228,-7.166228,-6.826228,-8.056228,-13.916228,-13.836228,-8.826228,-4.326228,-6.516228,-10.776228,-10.276228
-1.2762281,-1.006228,-0.536228,-0.42622802,-1.056228,-2.156228,-2.926228,-3.3462281,-3.5762281,-3.696228,-3.756228,-3.796228,-3.786228,-3.746228,-3.676228,-3.566228,-3.396228,-3.156228,-2.856228,-2.456228,-1.966228,-1.346228,-0.586228,0.30377197,1.263772,2.183772,2.993772,3.693772,4.223772,4.633772,4.973772,5.223772,5.453772,5.653772,5.813772,5.973772,5.973772,5.933772,5.813772,5.653772,5.563772,5.563772,5.743772,6.133772,6.783772,7.093772,5.873772,4.403772,3.213772,-0.31622803,-4.416228,-4.996228,-4.866228,-7.496228,-10.366228,-4.966228,-3.0862281,-3.376228,3.343772,-0.32622802
-1.246228,0.0037719726,-0.28622803,-1.1562281,-1.826228,-1.876228,-1.916228,-2.046228,-2.216228,-2.406228,-2.536228,-2.606228,-2.636228,-2.616228,-2.526228,-2.396228,-2.206228,-2.006228,-1.816228,-1.6362281,-1.466228,-1.326228,-1.356228,-1.4062281,-1.346228,-1.056228,-0.48622802,0.27377197,1.143772,2.003772,2.823772,3.6537719,4.253772,4.653772,4.943772,5.213772,5.443772,5.593772,5.663772,5.613772,5.633772,5.703772,5.863772,5.963772,6.253772,6.523772,6.243772,5.893772,5.243772,5.243772,4.213772,1.5937719,-3.406228,-5.586228,-3.906228,-4.116228,-3.116228,-2.106228,-2.616228,-2.956228
-1.606228,-1.056228,-1.086228,-1.206228,-1.096228,-0.976228,-0.826228,-0.73622805,-0.68622804,-0.62622803,-0.596228,-0.61622804,-0.656228,-0.726228,-0.81622803,-0.836228,-0.846228,-0.79622805,-0.646228,-0.38622802,-0.11622803,0.19377197,0.49377197,0.723772,0.95377195,1.053772,0.983772,0.69377196,0.30377197,0.14377198,0.14377198,0.24377197,1.253772,2.583772,3.723772,4.413772,4.773772,5.023772,5.153772,5.243772,5.273772,5.453772,5.683772,5.873772,5.933772,6.143772,6.273772,6.163772,6.033772,6.183772,6.283772,6.133772,5.223772,4.473772,3.9137719,3.213772,2.603772,1.003772,-0.966228,-2.106228
-1.966228,-1.916228,-1.916228,-2.0962281,-2.3462281,-2.476228,-2.526228,-2.476228,-2.456228,-2.496228,-2.526228,-2.606228,-2.746228,-2.986228,-3.166228,-3.3262281,-3.376228,-3.226228,-2.856228,-2.516228,-2.246228,-1.876228,-1.306228,-0.40622804,0.773772,1.953772,2.643772,2.823772,2.6637719,2.323772,1.993772,1.633772,1.143772,0.613772,0.82377195,2.213772,3.513772,4.173772,4.363772,4.533772,4.693772,5.203772,5.313772,5.443772,5.493772,5.633772,5.713772,5.773772,5.653772,5.463772,5.253772,4.993772,4.723772,4.323772,3.893772,3.623772,3.383772,2.193772,0.22377197,-1.076228
-2.356228,-3.766228,-4.106228,-4.036228,-4.2062283,-4.136228,-3.976228,-3.766228,-3.446228,-2.926228,-2.5862281,-2.226228,-1.916228,-1.916228,-2.006228,-2.196228,-2.156228,-1.956228,-2.116228,-2.266228,-1.986228,-1.326228,-0.27622804,1.033772,2.363772,3.193772,3.013772,2.313772,2.093772,2.613772,3.563772,3.893772,2.783772,1.8437719,0.843772,0.46377197,1.253772,2.613772,3.433772,3.613772,3.9037719,4.273772,4.583772,4.763772,4.913772,4.933772,4.993772,5.003772,4.993772,4.873772,4.743772,4.573772,4.253772,3.9237719,3.6737719,3.443772,3.143772,2.183772,0.75377196,-0.036228027
1.683772,-0.26622802,-3.356228,-4.136228,-4.116228,-4.376228,-4.776228,-4.806228,-4.606228,-4.386228,-3.686228,-2.946228,-2.226228,-1.7762281,-1.566228,-1.066228,-0.25622803,0.613772,1.423772,1.793772,1.553772,0.40377197,-1.006228,-1.216228,-0.42622802,0.62377197,1.663772,2.863772,3.943772,4.283772,4.013772,3.533772,3.733772,3.753772,2.323772,0.863772,0.39377198,1.153772,2.243772,2.863772,3.223772,3.613772,3.9237719,4.233772,4.473772,4.623772,4.723772,4.763772,4.813772,4.783772,4.723772,4.493772,4.133772,3.873772,3.703772,3.553772,3.373772,2.783772,1.833772,1.2137719
1.133772,2.123772,2.013772,0.28377196,-2.106228,-3.366228,-3.536228,-3.676228,-4.156228,-4.036228,-3.156228,-2.526228,-1.916228,-1.336228,-0.87622803,-0.706228,-0.536228,-0.016228028,0.88377196,1.653772,2.253772,2.813772,3.193772,2.263772,1.003772,0.47377196,0.68377197,1.323772,1.953772,2.543772,3.253772,3.863772,3.983772,4.083772,3.773772,2.523772,1.3637719,0.89377195,1.123772,2.133772,2.743772,3.1537719,3.503772,3.843772,4.263772,4.5437717,4.703772,4.803772,5.053772,5.053772,4.993772,4.783772,4.533772,4.263772,4.033772,4.033772,3.973772,3.703772,3.143772,2.613772
-0.26622802,1.013772,1.123772,2.373772,3.213772,3.013772,2.203772,2.273772,2.593772,1.423772,1.663772,2.063772,2.453772,2.763772,2.943772,3.033772,2.833772,2.543772,2.1637719,2.233772,2.943772,2.863772,2.6737719,3.203772,3.803772,3.9137719,3.533772,3.023772,2.963772,3.113772,3.193772,3.203772,3.483772,3.723772,4.303772,4.203772,2.543772,1.643772,1.203772,1.263772,2.1737719,2.723772,3.1637719,3.563772,3.953772,4.363772,4.653772,5.053772,5.163772,5.473772,5.583772,5.533772,5.253772,5.093772,4.953772,4.963772,4.973772,4.923772,4.833772,4.763772
