target/myProject/json/out_1.json
{"header": { "discipline":0, "disciplineName":"Meteorological products", "gribEdition":2, "gribLength":106064, "center":7, "centerName":"US National Weather Service - NCEP(WMC)", "subcenter":0, "refTime":"2018-08-13T18:00:00.000Z", "significanceOfRT":1, "significanceOfRTName":"Start of forecast", "productStatus":0, "productStatusName":"Operational products", "productType":1, "productTypeName":"Forecast products", "productDefinitionTemplate":0, "productDefinitionTemplateName":"Analysis/forecast at horizontal level/layer at a point in time", "parameterCategory":2, "parameterCategoryName":"Momentum", "parameterNumber":2, "parameterNumberName":"U-component_of_wind", "parameterUnit":"m.s-1", "genProcessType":2, "genProcessTypeName":"Forecast", "forecastTime":0, "surface1Type":103, "surface1TypeName":"Specified height level above ground", "surface1Value":10.0, "surface2Type":255, "surface2TypeName":"Missing", "surface2Value":0.0, "gridDefinitionTemplate":0, "gridDefinitionTemplateName":"Latitude_Longitude", "numberPoints":65160, "shape":6, "shapeName":"Earth spherical with radius of 6,371,229.0 m", "gridUnits":"degrees", "resolution":48, "winds":"true", "scanMode":64, "nx":360, "ny":181, "basicAngle":0, "lo1": 0.0, "la1": 90.0, "lo2": 359.0, "la2": -90.0, "dx": 1.0, "dy": 1.0 }, "data":
[rows 130 to 155 of 181, columns 60 to 119 of 360]
-2.616228,-2.386228,-1.626228,-1.086228,-1.426228,-2.5962281,-0.98622805,-2.746228,1.053772,0.733772,1.893772,0.10377197,0.083771974,-0.13622802,-0.706228,-1.366228,-0.826228,-1.306228,-2.626228,-1.226228,-2.486228,-1.556228,2.583772,4.233772,2.583772,3.273772,0.44377196,0.013771973,0.15377197,-0.19622803,-1.956228,-2.866228,0.88377196,2.123772,5.603772,9.193772,13.7837715,9.943772,5.133772,-3.876228,-6.836228,-4.996228,-4.416228,-5.666228,-6.366228,-8.606228,-4.746228,-1.316228,-0.79622805,-1.426228,-3.526228,-1.616228,-2.646228,-1.826228,-0.716228,-0.74622804,-0.036228027,-1.9062281,-0.91622806,-1.326228
-2.8462281,-2.3262281,-1.916228,-2.176228,-1.106228,-2.066228,-2.766228,-0.506228,-0.826228,-1.326228,-1.5262281,0.13377197,-1.726228,-2.896228,-1.326228,-0.86622804,0.14377198,0.75377196,-1.046228,0.62377197,-2.036228,-4.126228,-3.926228,-6.656228,-5.086228,-2.686228,-2.716228,-3.606228,-1.076228,-1.676228,-1.476228,-3.806228,-2.476228,3.4137719,4.073772,3.6737719,-5.666228,-2.396228,0.913772,-3.506228,-3.396228,-4.826228,-7.016228,-8.126228,-4.576228,-2.916228,-4.476228,-0.826228,-3.406228,-5.396228,-2.616228,-1.116228,-1.836228,-0.80622804,-0.966228,-0.836228,0.14377198,-0.37622803,-0.44622803,1.413772
-2.856228,-1.9062281,-3.046228,-2.716228,-3.236228,-2.226228,-2.716228,-4.156228,-3.3462281,-1.356228,-1.336228,-0.31622803,-0.036228027,-0.48622802,-1.436228,-3.126228,-1.666228,-1.086228,-0.036228027,0.33377197,0.63377196,0.32377198,-0.366228,-2.116228,-2.046228,-3.016228,-1.846228,-1.976228,-1.2862281,2.523772,2.623772,-1.696228,2.9137719,7.943772,7.773772,-3.426228,-0.61622804,7.113772,7.623772,-8.936228,-10.396228,-9.686228,-8.736228,-7.496228,-6.146228,-6.066228,-4.846228,-4.496228,-3.496228,-3.966228,-2.916228,-2.496228,-2.796228,-2.386228,-1.6362281,-0.786228,0.49377197,0.27377197,1.243772,1.8637719
-3.726228,-0.62622803,-3.666228,-3.926228,-3.476228,-2.476228,-3.516228,-5.056228,-5.746228,-6.926228,-8.376228,-2.566228,-4.626228,-0.28622803,-2.636228,-4.676228,-2.436228,-0.836228,1.253772,-0.21622802,-0.37622803,-0.49622804,-1.166228,1.053772,-1.116228,1.9837719,3.513772,2.853772,4.153772,2.303772,0.773772,3.063772,3.833772,-4.726228,-0.42622802,0.913772,6.173772,9.953772,2.463772,2.9037719,-9.436228,-5.016228,-4.196228,-4.306228,-5.436228,-3.896228,-3.886228,-4.166228,-4.2062283,-4.2062283,-3.496228,-2.986228,-3.166228,-2.366228,-1.0362281,-0.32622802,0.83377194,1.703772,2.503772,-0.696228
-3.656228,-1.436228,-1.076228,-5.126228,-4.546228,-4.836228,-4.666228,-5.306228,-8.536228,-4.026228,-8.106228,-8.096228,-8.006228,-7.566228,-10.096228,-6.486228,-4.2062283,-3.536228,-2.406228,-0.04622803,-4.756228,-5.566228,-3.3362281,-1.846228,0.983772,0.29377198,0.14377198,0.63377196,-0.81622803,1.793772,4.113772,9.133772,9.363772,8.023772,10.373772,11.323772,11.073772,10.0337715,8.343772,3.883772,-3.036228,-0.716228,-3.006228,-0.46622804,-1.056228,-1.586228,-2.246228,-2.356228,-2.316228,-1.126228,-1.706228,-0.47622803,-0.42622802,0.613772,1.873772,1.8437719,1.413772,1.7337719,2.263772,0.83377194
-2.206228,1.203772,-2.716228,-5.376228,-4.196228,-3.8262281,-4.806228,-5.756228,-6.036228,-5.526228,-6.916228,-7.246228,-7.246228,-8.506228,-4.7062283,-5.226228,-6.166228,-7.466228,-3.636228,-2.5962281,1.783772,-0.036228027,0.28377196,2.493772,-2.556228,-0.79622805,2.933772,6.783772,6.683772,1.933772,1.673772,6.153772,4.983772,6.733772,6.563772,5.483772,3.783772,7.513772,1.323772,-1.546228,-2.446228,-2.3462281,-0.66622806,-2.556228,-4.256228,-2.5862281,-1.7862281,-0.836228,-0.34622803,0.553772,1.523772,1.9837719,2.363772,2.9137719,2.583772,3.613772,2.693772,2.133772,1.913772,2.183772
0.743772,0.22377197,-4.046228,-3.306228,-3.126228,-3.456228,-4.426228,-5.116228,-4.696228,-3.8362281,-3.876228,-4.346228,-4.696228,-4.416228,-4.296228,-2.776228,-4.836228,-6.096228,-7.176228,-5.726228,-4.186228,0.023771973,2.333772,2.773772,4.473772,3.983772,-5.816228,-6.476228,-2.176228,1.083772,4.453772,7.603772,7.643772,4.473772,7.143772,-2.066228,2.323772,6.2937717,3.433772,-1.336228,-3.416228,-4.006228,-0.836228,0.25377196,-0.79622805,-1.806228,-0.946228,-0.48622802,1.7137719,1.423772,1.883772,0.43377197,-1.756228,0.033771973,1.993772,2.753772,3.473772,3.863772,2.713772,1.2337719
0.45377198,1.543772,-3.486228,-2.196228,-0.32622802,-1.8962281,-3.556228,-3.646228,-4.096228,-4.346228,-4.346228,-4.736228,-4.476228,-3.356228,-1.0262281,-3.106228,-7.196228,-6.876228,-5.876228,-4.566228,-3.146228,-0.37622803,-2.916228,-1.506228,-1.196228,1.923772,1.803772,3.873772,5.523772,5.703772,0.88377196,1.4637719,2.293772,2.463772,-2.296228,0.113771975,-0.31622803,0.17377198,1.543772,-1.706228,-2.566228,1.133772,1.013772,0.75377196,1.023772,0.793772,-1.546228,-0.28622803,0.863772,0.543772,-2.286228,-1.5262281,0.20377198,0.973772,3.043772,4.763772,5.363772,5.2937717,2.533772,1.643772
-0.786228,-2.446228,-3.536228,-2.606228,-3.926228,-4.266228,-2.266228,-0.696228,-2.716228,-3.236228,-3.546228,-3.916228,-3.996228,-2.996228,-3.696228,-4.256228,-5.196228,-5.236228,-3.986228,-2.016228,-1.706228,-1.756228,0.10377197,2.563772,4.573772,5.333772,7.383772,3.363772,-0.07622803,-0.14622803,2.503772,3.083772,2.443772,-1.006228,-2.046228,1.2237719,-1.0162281,1.193772,-0.28622803,0.44377196,0.013771973,-0.14622803,-1.116228,-2.296228,-0.99622804,-2.286228,-2.536228,-2.006228,0.34377196,-1.186228,-0.646228,-0.11622803,1.033772,2.353772,3.933772,4.173772,2.313772,3.293772,1.393772,1.7337719
-3.026228,-2.0862281,-1.496228,-2.8462281,-2.3362281,-3.186228,-2.696228,-3.476228,-3.046228,-1.616228,-1.9062281,-3.056228,-2.866228,-2.126228,-2.446228,-1.476228,-1.296228,-1.746228,-1.546228,0.15377197,0.34377196,0.48377198,1.183772,0.593772,-1.066228,-0.32622802,-0.026228027,0.723772,1.703772,2.353772,4.693772,5.923772,4.663772,1.503772,-0.79622805,-1.846228,-0.56622803,-0.42622802,0.46377197,0.983772,1.013772,-0.036228027,-1.166228,-1.876228,-1.6462281,-1.0362281,-1.736228,-1.256228,-0.696228,-0.55622804,-0.47622803,0.43377197,0.903772,1.513772,1.823772,-0.20622803,-1.876228,-6.406228,-6.316228,-4.946228
-4.346228,-1.916228,-0.25622803,-0.776228,-2.776228,-1.8962281,-2.696228,-3.0762281,-2.876228,-2.616228,-1.666228,-1.1562281,-1.856228,-1.666228,-1.866228,-1.8962281,-1.616228,-1.076228,-0.886228,0.39377198,2.113772,1.283772,1.003772,-0.836228,0.29377198,0.743772,1.123772,1.023772,0.63377196,0.593772,2.723772,-0.20622803,3.353772,7.063772,3.143772,-1.586228,-2.5762281,0.32377198,0.803772,1.543772,1.8437719,1.143772,-1.506228,-1.876228,-1.006228,-0.706228,-1.676228,-1.6462281,-1.546228,-0.336228,-0.62622803,-0.62622803,0.053771973,0.93377197,1.783772,-0.32622802,-2.756228,-5.356228,-4.156228,-3.056228
-3.3462281,-1.976228,-1.046228,-2.5762281,-1.576228,0.653772,-2.216228,-2.776228,-2.906228,-1.986228,-1.5262281,-1.576228,-2.116228,-1.866228,-2.266228,-2.236228,-1.586228,-0.91622806,-0.41622803,0.68377197,0.793772,1.433772,-0.07622803,-0.056228027,0.57377195,1.013772,0.543772,0.37377197,0.76377195,0.743772,0.843772,1.243772,1.643772,-0.036228027,1.313772,3.633772,1.073772,-1.256228,-0.48622802,1.123772,2.043772,-1.106228,-1.716228,-1.716228,-1.586228,-0.98622805,-1.216228,-1.706228,-1.616228,-1.1562281,-1.056228,-1.086228,-0.42622802,0.56377196,1.003772,0.14377198,-0.956228,-1.076228,-1.0262281,0.30377197
-1.856228,0.903772,2.113772,1.173772,0.523772,-2.256228,-2.5862281,-2.796228,-1.8862281,-2.066228,-1.856228,-1.596228,-1.7862281,-2.526228,-2.646228,-2.226228,-1.296228,-0.08622803,-0.576228,-0.766228,-0.49622804,0.593772,1.683772,1.293772,1.7337719,0.853772,0.46377197,0.653772,0.58377194,0.743772,0.89377195,1.4737719,1.163772,1.283772,3.073772,-0.846228,0.06377197,0.56377196,0.113771975,0.50377196,1.1137719,-1.1462281,-2.056228,-0.976228,0.743772,-0.74622804,-1.186228,-1.6362281,-1.816228,-1.376228,-1.506228,-1.3962281,-0.80622804,0.413772,-0.38622802,0.14377198,0.88377196,0.18377197,-0.45622802,0.29377198
1.2337719,0.973772,-0.44622803,-1.996228,-1.0262281,-2.766228,-2.186228,-2.246228,-1.486228,-0.596228,-0.62622803,-0.67622805,-1.416228,-1.5362281,-1.946228,-1.6362281,-0.716228,0.15377197,-2.216228,-1.046228,-0.12622803,0.93377197,1.013772,1.453772,-0.18622802,1.193772,1.3437719,0.663772,0.903772,0.853772,1.8437719,1.283772,1.4837719,1.123772,3.083772,3.513772,0.653772,-0.586228,-0.93622804,-1.096228,0.19377197,0.793772,2.343772,3.313772,2.013772,-1.186228,-1.7762281,-1.8862281,-0.99622804,-1.606228,-1.326228,-1.086228,0.073771976,0.18377197,-0.15622802,1.083772,-0.066228025,0.48377198,0.69377196,0.17377198
2.1637719,2.4237719,1.4737719,-0.036228027,-0.0062280274,-0.516228,-0.826228,-0.66622806,-0.516228,-0.11622803,0.083771974,-0.096228026,-0.836228,-0.48622802,-0.096228026,-0.056228027,0.743772,-1.2762281,-1.326228,-0.776228,-0.16622803,0.663772,-0.026228027,-0.28622803,0.10377197,-0.07622803,0.43377197,0.843772,-0.696228,0.42377198,1.423772,2.433772,4.673772,4.913772,2.1537719,0.713772,-0.86622804,-0.586228,0.46377197,0.50377196,1.133772,2.773772,2.993772,2.463772,-0.62622803,-0.946228,-0.25622803,-1.436228,-1.596228,-1.556228,-0.836228,-1.196228,0.81377196,0.913772,0.69377196,0.58377194,1.1137719,0.413772,1.2237719,0.62377197
1.693772,2.613772,1.953772,0.533772,0.81377196,0.083771974,0.23377198,0.31377196,0.56377196,0.613772,0.69377196,0.76377195,0.58377194,0.44377196,0.68377197,1.163772,0.37377197,0.073771976,0.70377195,0.27377197,0.48377198,0.533772,0.973772,-0.29622802,-0.016228028,0.20377198,0.49377197,-0.07622803,-0.08622803,1.753772,1.9837719,2.343772,3.633772,1.4837719,-0.39622802,0.013771973,-0.07622803,-0.38622802,0.19377197,1.123772,1.3537719,1.913772,1.993772,1.543772,0.843772,0.24377197,-1.496228,-0.37622803,-1.436228,0.33377197,-2.066228,0.023771973,0.30377197,0.32377198,1.283772,1.533772,0.82377195,0.25377196,0.93377197,1.403772
1.033772,1.943772,1.8537719,1.3537719,0.68377197,0.63377196,0.963772,1.263772,1.153772,1.3437719,1.543772,1.6137719,1.2337719,0.87377197,0.88377196,0.843772,1.023772,0.713772,0.773772,1.083772,0.743772,0.25377196,0.073771976,0.23377198,0.56377196,1.373772,1.2137719,1.493772,1.943772,2.353772,2.613772,2.693772,1.4737719,0.773772,0.113771975,-0.756228,-0.47622803,0.023771973,0.48377198,1.003772,1.263772,1.493772,2.273772,1.493772,1.023772,1.153772,-0.516228,-0.096228026,-1.306228,-1.606228,-0.906228,0.42377198,-0.49622804,0.32377198,0.983772,1.293772,-0.30622804,0.04377197,0.32377198,0.26377198
1.503772,1.643772,1.773772,1.873772,1.043772,0.70377195,0.56377196,0.70377195,0.993772,1.153772,1.0937719,0.903772,0.68377197,0.46377197,-0.20622803,-0.096228026,0.19377197,0.51377195,0.83377194,0.68377197,0.30377197,0.09377197,0.033771973,0.033771973,0.31377196,-0.19622803,1.043772,0.863772,1.073772,1.493772,1.753772,1.523772,0.27377197,0.383772,0.30377197,1.2237719,0.94377196,0.973772,0.773772,0.913772,1.293772,1.383772,1.773772,2.713772,2.053772,2.033772,0.923772,-1.076228,-0.32622802,-1.556228,0.70377195,1.013772,-0.46622804,0.81377196,0.983772,0.30377197,0.47377196,0.023771973,0.903772,0.64377195
1.8437719,1.453772,1.8537719,1.533772,1.063772,0.533772,0.50377196,0.413772,0.40377197,0.29377198,0.12377197,-0.29622802,-0.17622803,-0.35622802,-0.08622803,0.413772,0.113771975,0.16377197,0.25377196,0.17377198,0.46377197,0.383772,0.81377196,0.94377196,0.923772,1.083772,0.743772,0.713772,0.743772,0.69377196,0.57377195,0.023771973,0.21377197,0.93377197,0.653772,-0.38622802,0.113771975,0.75377196,0.723772,1.183772,0.963772,1.043772,2.263772,2.183772,2.393772,1.893772,0.743772,-0.696228,-0.40622804,0.593772,0.68377197,0.12377197,-1.1362281,-0.38622802,-0.81622803,-1.126228,-1.326228,-0.956228,0.903772,-0.79622805
1.373772,1.743772,1.543772,1.3637719,0.773772,0.24377197,0.35377198,0.33377197,0.25377196,-0.21622802,-0.23622803,-0.15622802,-0.026228027,0.16377197,-0.066228025,-0.106228024,0.10377197,0.19377197,0.523772,0.543772,0.64377195,1.583772,1.043772,1.2137719,1.653772,1.433772,1.043772,0.983772,0.903772,0.30377197,-0.106228024,0.31377196,-0.47622803,0.15377197,0.36377198,0.70377195,0.39377198,0.863772,0.93377197,0.593772,0.723772,1.493772,1.953772,1.513772,1.783772,2.093772,1.513772,-0.28622803,-0.32622802,-0.636228,-0.906228,-0.696228,-0.87622803,-1.426228,-1.306228,-1.1362281,-0.586228,-0.41622803,-0.79622805,-1.006228
1.173772,1.803772,1.793772,1.573772,1.083772,0.75377196,0.49377197,0.28377196,-0.19622803,-0.526228,-0.62622803,-0.08622803,-0.16622803,0.12377197,0.083771974,0.033771973,0.26377198,0.40377197,0.40377197,0.27377197,-0.056228027,0.073771976,0.533772,0.83377194,1.283772,1.313772,0.913772,1.4637719,1.2137719,1.163772,0.26377198,-0.786228,-0.096228026,0.14377198,0.58377194,1.073772,1.253772,0.923772,0.983772,0.94377196,1.193772,1.643772,2.1537719,2.253772,2.6737719,2.043772,2.333772,0.75377196,-0.336228,-0.87622803,-0.66622806,-0.976228,-1.116228,-0.74622804,-0.93622804,-1.126228,-1.126228,-0.86622804,-1.926228,-1.796228
1.783772,1.503772,1.543772,1.423772,0.863772,0.26377198,0.18377197,-0.096228026,-0.336228,-0.30622804,-0.14622803,-0.026228027,0.25377196,0.31377196,0.16377197,0.27377197,0.47377196,0.46377197,-0.106228024,0.073771976,0.20377198,0.553772,0.51377195,0.543772,0.773772,1.4637719,1.073772,0.923772,1.383772,1.2337719,-0.21622802,0.34377196,0.843772,0.64377195,0.923772,0.593772,1.123772,1.003772,0.93377197,1.693772,1.883772,2.193772,3.223772,2.273772,2.713772,2.473772,2.793772,1.513772,-0.506228,-0.85622805,-1.076228,-1.346228,-1.5262281,-1.666228,-1.7762281,-1.746228,-1.916228,-2.156228,-2.276228,-2.186228
2.4037719,1.8637719,1.383772,1.173772,0.603772,0.853772,0.533772,-0.27622804,0.013771973,-0.056228027,0.44377196,0.843772,1.063772,1.543772,0.773772,0.87377197,0.83377194,0.47377196,0.43377197,0.44377196,0.723772,0.75377196,1.263772,1.693772,2.193772,1.193772,1.3637719,0.89377195,1.053772,1.063772,0.653772,0.93377197,0.49377197,0.793772,0.903772,0.83377194,0.47377196,1.173772,1.403772,2.083772,2.1737719,1.913772,2.643772,2.543772,2.473772,2.283772,3.233772,1.503772,-0.636228,-1.366228,-1.926228,-2.476228,-2.606228,-1.996228,-1.996228,-2.496228,-1.476228,-1.806228,-2.416228,-2.5962281
2.113772,1.4837719,1.193772,1.053772,0.87377197,-0.056228027,0.713772,0.733772,0.57377195,1.0937719,1.803772,2.143772,2.023772,1.803772,1.833772,1.823772,1.8437719,2.213772,1.833772,0.803772,0.34377196,0.58377194,0.773772,0.773772,0.853772,1.193772,2.043772,1.753772,0.523772,0.22377197,0.39377198,0.36377198,0.923772,1.8537719,3.393772,1.693772,1.303772,1.2137719,1.763772,1.673772,1.953772,1.763772,1.2237719,1.763772,2.123772,3.693772,3.583772,1.7137719,-0.946228,-1.566228,-2.486228,-2.186228,-2.176228,-1.816228,-1.7662281,-1.626228,-1.746228,-1.6562281,-1.626228,-1.856228
1.873772,1.133772,1.2137719,0.70377195,0.24377197,1.8537719,1.143772,0.593772,1.183772,1.243772,1.883772,2.323772,3.113772,2.9137719,2.743772,2.133772,1.8437719,1.7237719,1.9837719,2.123772,1.873772,1.543772,0.81377196,0.69377196,1.2337719,1.383772,1.6137719,2.143772,0.34377196,0.613772,1.013772,0.903772,1.993772,2.263772,1.643772,1.133772,0.653772,1.2337719,1.2137719,1.7137719,2.133772,1.653772,1.5937719,1.653772,3.033772,2.803772,1.703772,0.14377198,-1.416228,-1.1562281,-2.746228,-2.976228,-2.666228,-2.806228,-1.866228,-1.456228,-1.306228,-1.716228,-1.846228,-1.8862281
3.1537719,1.7137719,1.783772,2.1737719,2.253772,1.7337719,1.653772,1.423772,1.5937719,1.8437719,1.8537719,2.033772,1.993772,2.093772,2.133772,1.9637719,1.823772,1.883772,1.643772,1.7337719,1.4637719,1.163772,0.923772,1.063772,1.333772,1.423772,2.383772,2.273772,0.553772,0.42377198,1.403772,0.95377195,2.013772,1.703772,1.383772,1.7337719,1.2337719,1.303772,2.123772,2.043772,2.003772,1.993772,1.393772,1.383772,2.023772,1.6037719,1.753772,0.63377196,0.45377198,-0.99622804,-1.866228,-1.746228,-2.916228,-2.436228,-1.466228,-1.306228,-1.3862281,-1.5162281,-1.706228,-1.556228
