target/myProject/json/out_1.json
{"header": { "discipline":0, "disciplineName":"Meteorological products", "gribEdition":2, "gribLength":97919, "center":7, "centerName":"US National Weather Service - NCEP(WMC)", "subcenter":0, "refTime":"2018-08-13T18:00:00.000Z", "significanceOfRT":1, "significanceOfRTName":"Start of forecast", "productStatus":0, "productStatusName":"Operational products", "productType":1, "productTypeName":"Forecast products", "productDefinitionTemplate":0, "productDefinitionTemplateName":"Analysis/forecast at horizontal level/layer at a point in time", "parameterCategory":2, "parameterCategoryName":"Momentum", "parameterNumber":3, "parameterNumberName":"V-component_of_wind", "parameterUnit":"m.s-1", "genProcessType":2, "genProcessTypeName":"Forecast", "forecastTime":0, "surface1Type":103, "surface1TypeName":"Specified height level above ground", "surface1Value":10.0, "surface2Type":255, "surface2TypeName":"Missing", "surface2Value":0.0, "gridDefinitionTemplate":0, "gridDefinitionTemplateName":"Latitude_Longitude", "numberPoints":65160, "shape":6, "shapeName":"Earth spherical with radius of 6,371,229.0 m", "gridUnits":"degrees", "resolution":48, "winds":"true", "scanMode":64, "nx":360, "ny":181, "basicAngle":0, "lo1": 0.0, "la1": 90.0, "lo2": 359.0, "la2": -90.0, "dx": 1.0, "dy": 1.0 }, "data":
[rows 26 to 51 of 181, columns 295 to 353 of 360]
-6.114703,-4.4247036,-2.7047033,-1.6547034,-0.9747034,-2.0347033,-0.45470336,1.2052966,1.6052966,3.0952966,2.9652967,1.1152966,-2.6247034,-4.884703,-4.9647036,-5.4347034,-5.3947034,-5.6847034,-5.8547034,-5.5847034,-5.0147033,-4.4547033,-4.0647035,-3.3647034,-2.5747035,-1.4547033,-2.8347034,-3.3747034,-2.8247035,-2.5447035,-2.6647034,-2.9147034,-3.1047034,-2.9947033,-2.5647035,-1.7147033,-0.79470336,-0.27470338,0.06529663,0.19529663,0.5352966,0.7852966,0.81529665,0.69529665,-0.5247034,-0.074703366,0.9852966,1.1652967,1.3752966,1.5352967,1.6752967,1.9652966,2.4152966,3.1752965,3.8352966,4.1652966,4.675297,4.845297,5.1852965
-6.9547033,-5.6947036,-4.5147033,-4.0147033,-2.6347034,-1.0547034,-2.3047035,-0.6347034,-0.93470335,-0.7847034,-1.9847034,-2.4647033,-3.1747034,-4.364703,-4.7447033,-4.7447033,-4.864703,-4.574703,-4.824703,-4.4247036,-3.9547033,-3.6547034,-3.0747035,-1.8647034,-1.6447034,-3.5747035,-3.3047035,-2.5447035,-3.3447034,-3.5147033,-3.1047034,-3.3047035,-2.9747033,-2.3147035,-1.7547034,-1.4847034,-1.1647034,-0.73470336,-0.60470337,-0.47470337,0.22529663,0.88529664,0.9152966,1.4152967,1.5352967,0.32529664,0.6052966,1.2552966,1.3052967,1.4852966,1.6552967,1.8752966,2.5952966,3.3652966,3.7752967,4.405297,4.8152966,4.8352966,5.1252966
-7.114703,-6.1747036,-5.364703,-4.2747035,-3.3147035,-3.2647033,-2.1747034,-1.6947033,-2.1347034,-1.6747034,-1.7447034,-2.1647034,-3.6747034,-4.3747034,-5.0347033,-4.864703,-4.4547033,-3.7847033,-3.9947033,-4.364703,-3.8947034,-3.2247033,-2.9647033,-3.6047034,-3.7147033,-3.1247034,-2.9047034,-2.8747034,-2.1747034,-1.9247034,-1.7747034,-1.8147033,-1.8047034,-1.7947034,-1.8747034,-1.7847034,-1.5447034,-1.3947034,-1.2747034,-0.43470338,0.40529662,0.89529663,1.2252966,1.1052966,1.2852967,1.8352966,0.99529666,1.1152966,1.6052966,1.7152966,1.9452966,2.0952966,2.6452966,2.7352967,3.5052967,3.8452966,4.2852964,4.5052967,4.8052964
-6.4747033,-7.074703,-6.304703,-5.5047035,-4.6047034,-4.7147036,-4.0647035,-2.1747034,-1.3247033,-0.94470334,-0.60470337,-1.5647033,-2.6947033,-3.1947033,-3.9947033,-4.574703,-5.1847034,-4.6647034,-3.9247034,-3.4447033,-3.1247034,-3.7947035,-4.3947034,-4.0247035,-2.7447033,-2.3147035,-1.7547034,-0.35470337,0.7252966,1.0252967,0.19529663,-0.38470337,-0.5347034,-0.9547034,-1.6347034,-1.9547033,-2.0347033,-1.8147033,-1.2947034,-0.6347034,-0.06470337,1.8652966,2.4852967,2.8752966,2.3952966,1.5652966,1.9052967,1.4252967,1.5652966,2.1852965,2.2952967,2.4152966,2.4552965,2.5652966,3.1452966,3.3052967,3.6952965,4.0152965,4.0752964
-5.6947036,-6.6947036,-7.4247036,-7.4147034,-7.364703,-6.884703,-6.1447034,-5.0047035,-3.1447034,-1.0947033,-0.12470337,-0.61470336,-1.1547034,-1.7247033,-2.6347034,-4.1447034,-5.1747036,-4.864703,-4.634703,-3.9647033,-3.1247034,-3.1147034,-4.1447034,-3.4647033,-1.2147033,0.6152966,2.8852966,4.0452967,1.7652966,-1.1647034,-2.6347034,-3.1847034,-3.0047033,-2.7047033,-2.8747034,-2.7947035,-2.6547034,-2.3747034,-1.9147034,-1.3347033,-0.54470336,-0.34470338,1.1452966,1.8652966,2.7552967,3.0252967,1.8352966,1.8052967,2.0752966,2.0052967,2.6952965,2.7752967,2.7352967,2.6652966,3.0652966,3.1952965,3.3952966,3.3052967,3.5652966
-4.4847035,-5.6047034,-6.8747034,-7.6847034,-7.5447035,-7.2147036,-6.804703,-5.7147036,-4.4147034,-3.2547033,-2.1447034,-1.6347034,-1.7147033,-1.9147034,-2.1947033,-2.9247034,-3.5547035,-4.9847035,-5.2447033,-5.7747035,-4.804703,-3.0747035,-3.1547034,-1.6347034,1.7652966,3.6952965,5.425297,3.4552965,0.6152966,-2.4547033,-4.7047033,-5.7047033,-5.054703,-5.134703,-4.1447034,-3.6347034,-3.3547034,-3.0647035,-2.6447034,-1.6147034,-0.49470338,0.15529662,1.2852967,2.3652966,3.1252966,3.5652966,2.9752967,3.1652966,2.6452966,2.6852965,2.4152966,2.9752967,3.0852966,2.8952966,2.8552966,3.0952966,3.0352967,3.5252967,4.115297
-3.3347034,-4.904703,-5.7247033,-7.134703,-7.7747035,-7.7747035,-7.384703,-6.5647035,-5.4247036,-4.0647035,-2.8347034,-1.9347034,-1.4347034,-1.3347033,-1.5147034,-1.6547034,-2.6647034,-5.344703,-6.2347035,-5.0047035,-3.8047035,-2.6247034,-2.1347034,-0.54470336,4.0152965,6.6452966,6.8152966,3.5352967,0.68529665,-2.5547035,-5.304703,-6.4747033,-6.8747034,-7.1947036,-7.5247035,-5.4547033,-4.3347034,-3.7247033,-2.9747033,-2.0747035,-0.7747034,0.44529665,1.5552967,3.1452966,3.8352966,3.8952966,4.6252966,4.9652967,5.5152965,5.2652965,5.2152967,5.5352964,5.885297,5.0352964,4.3552966,4.4352965,4.1452966,4.6652966,4.2452965
-2.6647034,-2.6947033,-5.9447036,-8.184704,-9.214704,-9.474704,-8.644703,-7.114703,-5.824703,-4.6447034,-3.3047035,-2.2047033,-1.4647033,-1.3147033,-1.3547034,-1.3547034,-2.3747034,-5.1247034,-5.9447036,-4.4647036,-2.8347034,-1.3647034,-1.7047033,0.36529663,3.7552967,6.2652965,5.595297,2.9952967,0.36529663,-0.21470337,-3.2647033,-7.0647035,-9.214704,-8.484703,-7.824703,-6.5847034,-5.1947036,-3.5347033,-3.9847033,-2.4647033,-1.0947033,0.57529664,2.2452967,3.3952966,4.4652967,5.695297,5.865297,6.3752966,6.9852967,7.3152966,7.6252966,8.385297,9.015297,9.355297,9.505297,8.295297,7.695297,7.6052966,7.615297
0.9052966,-3.5747035,-6.6447034,-8.484703,-9.5047035,-9.534703,-9.0447035,-8.224704,-6.5047035,-4.7847033,-3.6547034,-2.8047035,-1.8847034,-1.0547034,-0.55470335,-0.17470337,-2.4447033,-5.634703,-5.2247033,-3.1347034,-2.2247033,-0.50470334,-0.13470337,1.3252966,2.9252965,4.4552965,4.365297,3.3952966,2.2252967,1.1352966,-1.4247034,-5.1447034,-7.554703,-8.154703,-7.2747035,-6.4147034,-6.0447035,-5.404703,-4.4447036,-3.5747035,-1.9447033,-0.10470337,1.2652966,2.3452966,3.2852967,4.2952967,5.4152966,6.4552965,7.0252967,7.425297,7.8152966,8.445296,9.155296,10.375297,11.115296,11.655296,11.815296,11.825296,12.025296
-1.1947033,-4.804703,-8.404703,-9.5447035,-10.054704,-9.884704,-9.324703,-8.394703,-7.1447034,-5.4947033,-4.1447034,-3.0047033,-1.8847034,-0.81470335,0.36529663,0.95529664,-2.6547034,-4.8947034,-3.7447033,-1.6947033,-0.8847034,0.18529662,1.0552967,1.9452966,3.1152966,4.5252967,5.1052966,5.365297,0.31529662,-0.21470337,-2.7147033,-3.7247033,-4.384703,-6.3947034,-5.9347034,-5.1247034,-4.9947033,-4.884703,-4.3947034,-3.6847034,-2.7547033,-1.3547034,0.03529663,1.2152966,2.1052966,2.8852966,3.8852966,4.8052964,5.8352966,7.0452967,8.145297,8.525296,9.225297,9.9552965,11.045297,12.395297,13.275296,13.675297,13.825296
-4.4747033,-6.6447034,-8.054704,-9.164703,-9.994703,-9.824703,-9.224704,-8.564703,-7.4247036,-6.0447035,-4.6447034,-3.0447035,-1.6847034,-0.37470338,1.0652966,0.9652966,-1.3747034,-2.7447033,-2.3847034,-1.1147034,0.45529664,1.3552966,1.6252966,1.7752967,3.0052967,4.2852964,5.2452965,2.6552966,0.63529664,-2.4847033,-4.154703,-3.0847034,-2.1347034,-4.9847035,-4.364703,-3.7947035,-2.9347034,-3.3747034,-3.2847033,-3.3447034,-2.9747033,-2.1947033,-1.2747034,-0.22470337,0.7752966,1.6752967,2.4452965,3.3352966,4.4352965,5.4152966,6.3152966,7.7152967,8.875297,9.675297,10.665297,11.195296,12.735296,14.195296,14.915297
-5.2347035,-6.904703,-8.674704,-9.974704,-10.634704,-10.224704,-9.454703,-8.734703,-7.9247036,-6.5247035,-4.9347034,-2.9047034,-0.8847034,0.51529664,1.7752967,0.40529662,0.08529663,-0.93470335,-2.0147033,-0.86470336,1.1752967,1.5152966,1.1152966,0.9852966,2.7352967,3.6252966,3.9352965,3.4552965,1.1752967,0.13529663,-1.8847034,-4.3147035,-0.7847034,-3.1147034,-3.1347034,-2.7147033,-2.2247033,-2.5947034,-3.2247033,-3.5447035,-3.2547033,-2.6347034,-1.7447034,-0.8447034,0.105296634,0.80529666,1.1052966,1.4052967,1.8352966,2.9252965,4.3052964,5.445297,6.425297,7.5152965,9.045297,10.295297,11.055297,11.7452965,12.605297
-5.3147035,-7.2847033,-9.494703,-10.764704,-8.814703,-8.2547035,-7.4447036,-7.844703,-7.9747033,-6.864703,-5.1947036,-2.5047033,-0.18470336,0.6652966,1.1452966,1.5552967,1.2952967,-0.49470338,-1.1947033,-0.44470337,1.8552966,2.0952966,1.9652966,3.5052967,4.7452965,5.0752964,4.9852967,3.3852966,1.2152966,-0.28470337,-1.4647033,-2.3247035,-2.5847034,-0.19470337,-1.7147033,-1.6347034,-1.7947034,-2.0747035,-2.6347034,-2.8447034,-3.0047033,-2.2347033,-1.1947033,-0.5847034,-0.03470337,0.38529664,0.68529665,1.1252966,1.5552967,1.8352966,1.9652966,2.7852967,4.0752964,5.1452966,6.5852966,7.8952966,9.005297,9.785296,10.535296
-6.3947034,-7.9747033,-9.014704,-9.934704,-10.494703,-10.114703,-9.094704,-7.7747035,-7.1647034,-6.4247036,-4.7047033,-2.1447034,-0.18470336,0.76529664,1.5952966,1.6652967,0.41529664,-1.8047034,-1.0247034,-0.014703369,0.36529663,1.3052967,3.1152966,3.8652966,4.2752967,4.405297,3.2652967,2.1452966,1.7452966,1.2052966,-0.68470335,-2.2847033,-2.1447034,-1.8147033,-0.81470335,0.02529663,-0.48470336,-0.06470337,-0.81470335,-1.7147033,-1.7547034,-1.4847034,-0.54470336,0.6152966,1.1752967,0.57529664,-0.32470337,-1.2947034,-1.3247033,-1.1547034,-0.25470337,0.93529665,2.1352966,3.3052967,4.4352965,5.905297,6.9852967,7.9152966,8.675297
-7.0347033,-7.6847034,-8.024703,-8.634704,-8.854703,-8.194703,-7.404703,-7.0247035,-6.7447033,-5.8147035,-3.6847034,-1.9647033,-0.18470336,0.6752966,1.7552966,2.1752965,1.7952967,-0.8347034,-2.1647034,-0.46470338,0.87529665,2.1352966,3.7152967,4.7552967,4.2952967,4.095297,4.2652965,4.8052964,4.4352965,3.9852967,3.2852967,-0.15470336,-1.6747034,-1.7647034,-1.2747034,-1.3347033,-0.26470336,0.12529664,-0.05470337,0.7852966,1.7352966,1.5652966,2.0352967,3.1752965,4.2352967,1.2952967,-2.3147035,-2.5647035,-1.9747033,-2.7747033,-2.5147033,-1.0247034,-0.05470337,1.1452966,2.3252966,4.095297,4.9752965,6.0652966,7.0052967
-6.2647033,-6.864703,-7.634703,-7.9347034,-7.5847034,-6.8947034,-6.2147036,-6.0847034,-6.0347033,-5.134703,-3.0647035,-1.0147034,0.32529664,1.8752966,2.8152966,3.2352967,3.3452966,2.5352967,0.39529663,-1.6847034,-1.3547034,1.1952966,2.8852966,4.5752964,5.695297,5.9852967,5.8352966,5.5452967,4.6052966,0.94529665,-2.5247033,-3.9547033,-3.4847033,-3.8047035,-5.0347033,-3.8247035,-2.3447034,-1.0347034,-0.18470336,0.7252966,2.1252966,2.0952966,1.3252966,1.5352967,0.50529665,-1.0047034,-2.1747034,-6.4147034,-9.664703,-8.634704,-6.5047035,-3.7647033,-1.5647033,-0.17470337,0.9852966,2.2952967,3.4852967,4.905297,5.3952966
-5.9947033,-7.1647034,-7.9347034,-7.6947036,-7.0247035,-6.304703,-5.5647035,-5.154703,-5.114703,-4.8147035,-2.2547033,-0.35470337,1.1752967,2.5052967,3.5252967,3.8352966,3.6052966,3.1152966,2.3352966,1.7152966,2.1852965,2.8452966,3.4752967,4.8052964,5.8252964,6.3352966,5.7152967,3.4152966,0.74529666,-0.5947034,-2.3047035,-3.7647033,-4.1447034,-5.654703,-5.864703,-5.344703,-3.5047033,-2.0447035,-0.08470337,2.1552966,2.7352967,2.5252967,1.9752966,1.1852967,0.13529663,-0.18470336,-1.0247034,-5.5047035,-9.894703,-12.494703,-10.684704,-6.4347034,-3.8947034,-0.7747034,0.6652966,1.1552967,2.2152967,3.2552967,4.1252966
-5.1047034,-6.4247036,-7.9647036,-8.344704,-7.2847033,-6.384703,-5.4247036,-4.5647035,-4.2747035,-3.9547033,-2.6647034,-0.36470336,1.5152966,2.6652966,3.0452967,3.6652966,4.0152965,3.6452966,3.5152967,3.7052965,4.175297,4.2252965,4.2052965,4.115297,3.7152967,2.9752967,2.2152967,0.7752966,-0.19470337,-0.87470335,-2.1347034,-2.9147034,-3.8947034,-3.8247035,-2.7247033,-2.7247033,-3.1047034,-1.8247033,-0.30470335,0.7752966,1.5652966,1.3852966,1.6152966,1.6052966,0.6152966,-0.7747034,-4.364703,-7.5347033,-10.174704,-11.274703,-9.524703,-6.4947033,-4.6247034,-3.4347034,-0.41470337,0.7752966,1.1152966,2.0852966,3.0252967
-4.9747033,-6.1047034,-7.1947036,-7.3747034,-7.0447035,-6.4447036,-5.5447035,-4.404703,-3.6847034,-2.9947033,-2.0447035,-1.1747034,0.33529663,1.7252966,2.7752967,3.3352966,3.5952966,3.3852966,2.4552965,2.0252967,1.4352967,0.6752966,0.39529663,0.38529664,0.5352966,0.02529663,0.26529664,1.3052967,1.1352966,-1.3247033,-2.1247034,-2.4247034,-2.3547034,-2.0547035,-1.9647033,-1.9947034,-1.8647034,-1.4747033,-0.68470335,-0.18470336,0.34529662,0.75529665,0.88529664,0.08529663,-1.6947033,-3.0347033,-4.7647033,-8.694703,-9.124703,-8.984703,-7.2247033,-5.7347035,-4.1947036,-4.0847034,-3.0047033,0.30529663,1.5952966,1.5452967,2.3352966
-1.6347034,-5.6247034,-6.9447036,-7.7647033,-6.9647036,-6.0447035,-5.1747036,-4.0347033,-3.4047034,-3.0347033,-2.2747033,-1.6247034,-0.54470336,0.5952966,1.2052966,1.6752967,1.3652966,1.2252966,1.1852967,0.7852966,0.7752966,0.7352966,0.81529665,1.0352967,1.4052967,1.6752967,2.5852966,1.4552966,-0.74470335,-1.4447033,-1.9247034,-1.3547034,-0.87470335,-1.4247034,-1.5147034,-0.9047034,-0.17470337,-0.9747034,-1.0547034,-0.38470337,0.26529664,0.45529664,-0.10470337,0.32529664,-0.75470334,-4.8147035,-9.0047035,-9.834703,-8.594704,-6.9747033,-6.3347034,-4.8747034,-3.0547035,-1.8047034,-1.6947033,-0.23470336,2.2252967,2.3052967,1.6352966
-1.1247034,-6.1747036,-6.4747033,-6.4747033,-5.7447033,-5.1047034,-4.7447033,-4.2347035,-4.324703,-3.2647033,-1.7547034,-0.17470337,0.04529663,0.29529664,0.57529664,1.0652966,1.3452966,1.2552966,1.3352966,1.4352967,1.6052966,1.1252966,0.16529663,-0.23470336,-0.13470337,-0.67470336,-1.1547034,-1.3847034,-1.1347034,-0.5947034,-0.34470338,0.28529662,0.51529664,0.02529663,-1.1447034,-1.7847034,-0.9647034,-0.49470338,-0.18470336,0.34529662,0.8452966,0.6152966,0.16529663,-0.54470336,-6.554703,-8.894703,-9.364703,-9.464704,-8.654703,-7.0147033,-5.2447033,-3.7047033,-1.1747034,-0.37470338,0.05529663,-0.8947034,1.0252967,2.2952967,2.0852966
-1.4247034,-3.6447034,-5.0647035,-4.7747035,-4.364703,-4.0147033,-3.8747034,-2.9747033,-1.6847034,-1.5147034,-0.16470337,1.3552966,0.31529662,-0.08470337,0.34529662,0.9652966,1.4652966,1.7952967,0.95529664,0.33529663,-0.98470336,-2.0647035,-2.4647033,-1.8247033,-1.5247034,-1.6747034,-1.0147034,-0.31470338,0.24529663,1.1952966,1.2552966,0.95529664,0.8652966,-0.66470337,-1.0947033,0.57529664,1.2552966,0.69529665,0.36529663,-0.42470336,-0.91470337,-1.9847034,-4.6647034,-7.1447034,-7.904703,-7.5347033,-8.434704,-8.324703,-6.6947036,-5.2047033,-4.074703,-2.4547033,-0.7847034,0.31529662,0.48529664,0.74529666,0.19529663,0.16529663,1.0452967
-1.5547034,-3.6347034,-3.4747033,-3.0647035,-3.2147033,-2.6947033,-2.0847034,-2.0247033,-2.5747035,-2.7147033,-2.8547034,-2.4647033,-1.8247033,-2.0547035,-1.9647033,-1.9647033,-1.5647033,-2.0247033,-1.0847033,-2.5647035,-2.3047035,-3.0547035,-1.9047034,-2.2047033,-2.2147033,-1.2047033,0.6152966,1.4652966,1.6352966,2.0652966,2.3252966,2.4752967,1.6352966,2.0252967,2.6252966,3.3052967,1.7152966,-2.6347034,-5.9147034,-7.2747035,-6.9747033,-7.364703,-6.3347034,-5.4947033,-5.634703,-5.3347034,-5.614703,-6.3147035,-6.5647035,-5.154703,-3.0547035,-1.4647033,-0.27470338,0.31529662,0.18529662,0.83529663,0.7952966,0.7952966,0.7252966
-2.6547034,-2.8147035,-0.5847034,0.04529663,-1.5147034,-1.3047034,-2.2747033,-2.3547034,-3.2247033,-3.4247034,-2.7847033,-3.1147034,-3.3047035,-0.36470336,-0.85470337,-0.14470337,1.3952966,-2.6147034,-4.0447035,-3.8647034,-3.2347033,-3.2447033,-3.7347033,-2.6747034,-1.2847034,0.08529663,1.7452966,2.6152966,3.7452967,4.6052966,4.2452965,4.695297,4.6852965,4.7952967,1.2552966,-3.1847034,-4.7347035,-5.9647036,-7.554703,-8.524703,-7.1947036,-6.2147036,-5.4547033,-4.8147035,-4.5847034,-5.1947036,-5.7647033,-6.804703,-6.9847035,-5.3147035,-2.8947034,-1.1247034,-0.68470335,0.22529663,-0.21470337,0.12529664,1.0852966,1.1452966,1.1552967
-1.6847034,1.7952967,3.4452965,0.81529665,1.7752967,-0.81470335,-1.7247033,-2.1447034,-3.2947035,-3.4647033,-3.2447033,-0.86470336,-1.6247034,-4.824703,-5.5647035,-3.3947034,-4.094703,-4.324703,-3.0447035,-2.9447033,-3.8947034,-3.6947033,-2.3847034,-0.61470336,1.1752967,2.1652966,3.5852966,4.175297,4.2352967,4.8052964,5.655297,4.925297,2.3852966,-0.98470336,-3.0247033,-4.5447035,-5.1447034,-5.9547033,-6.634703,-7.0247035,-6.2747035,-5.9847035,-5.304703,-4.634703,-4.9547033,-6.0047035,-6.594703,-7.054703,-6.054703,-4.8147035,-3.1447034,-1.3547034,-0.38470337,0.35529664,0.8552966,0.7752966,0.9852966,1.5352967,1.5452967
3.6152966,3.5752966,1.8052967,1.5052966,3.3852966,2.2952967,0.43529662,-1.5247034,-2.5247033,-4.114703,-3.7847033,-1.6447034,-3.1347034,-7.344703,-6.2947035,-4.4947033,-3.4947033,-4.9947033,-3.5747035,-4.9547033,-4.6747036,-1.8147033,0.37529662,0.5352966,0.94529665,2.4552965,3.6152966,2.4052966,4.155297,5.445297,5.2252965,2.5452967,-0.06470337,-1.6747034,-2.7247033,-3.9447033,-4.5247035,-5.6647034,-7.1947036,-6.4347034,-6.304703,-5.2847033,-4.3147035,-4.7347035,-5.634703,-5.9947033,-7.054703,-7.0047035,-5.4747033,-4.824703,-3.3447034,-0.8447034,0.5352966,0.95529664,1.4852966,1.4052967,1.3952966,1.6052966,1.7652966
